#the number of patterns to be recognized
 4


#marker 1

Data/multi/teste1

40.0
0.0 0.0
1.0000 0.0000 0.0000 0.0000
0.0000 1.0000 0.0000 0.0000
0.0000 0.0000 1.0000 0.0000



#marker 2

Data/multi/teste2
40.0
0.0 0.0
1.0000 0.0000 0.0000  100.0000
0.0000 1.0000 0.0000    0.0000
0.0000 0.0000 1.0000    0.0000



#marker 3

Data/multi/teste3
40.0
0.0 0.0
1.0000 0.0000 0.0000  200.0000
0.0000 1.0000 0.0000    0.0000
0.0000 0.0000 1.0000    0.0000



#marker 4

Data/multi/teste4

40.0
0.0 0.0
1.0000 0.0000 0.0000    0.0000
0.0000 1.0000 0.0000 -100.0000
0.0000 0.0000 1.0000    0.0000