  20 103 145 147 129 130  26  34  33  22 132 131 125 150 119  20
  18 118 139 136 147 143  25  29  29  24 142 122 131 137  91  24
  27  27  29  31  32  34  35  29  27  28  31  44  43  37  35  31
  28  40  37  42  42  40  42  33  29  26  24  37  39  30  31  32
  18  83 139 154 150 131  37  33  31  31 136 133 157 152 114  31
  18 119 168 170 172 184  34  28  31  28 168 168 168 168 139  28
  20 125 172 175 175 175  50  30  34  41 161 170 174 178 146  29
  18 125 170 175 175 174  55  34  34  41 159 168 172 174 164  29
  16 145 208 209 209 182  52  32  32  45 169 176 183 183 191  31
  23  39  49  56  54  60  37  32  28  23  41  54  60  55  34  38
  31  34  35  36  35  33  34  35  28  27  30  34  36  38  33  31
  30  35  34  33  33  33  36  38  31  31  33  31  33  35  30  31
  46  44  44  40  38  38  35  34  33  34  37  39  39  37  36  42
 101  99 108 116 117 112 102 100 105  97  91  92  91  83  91 113
 192 193 190 189 191 192 189 187 180 176 174 173 173 176 177 175
 178 175 172 169 169 174 175 175 175 174 177 174 172 172 172 172
  21 108 143 150 138 131  26  29  29  27 142 135 127 149 121  19
  22 126 133 127 138 135  23  29  31  37 147 124 128 133  83  23
  28  26  24  23  24  25  29  30  31  33  25  29  28  27  27  32
  28  30  21  25  26  27  32  31  32  31  26  27  26  27  30  33
  20  87 144 153 151 132  33  31  31  37 139 122 154 147 105  27
  22 135 176 170 173 184  34  31  32  30 175 166 167 170 139  27
  22 132 171 167 167 167  47  32  32  41 166 168 168 172 137  25
  19 137 172 168 167 167  49  31  32  44 169 168 167 171 159  23
  15 161 215 213 212 185  50  31  32  52 186 188 193 198 192  24
  23  36  36  39  40  52  32  32  31  27  37  40  46  43  26  33
  32  33  36  34  34  33  31  31  31  32  32  34  34  31  31  32
  32  32  32  32  31  31  31  31  31  31  32  32  31  31  32  32
  32  34  35  31  26  26  27  27  25  25  29  32  34  32  31  31
  88  91  95 104 100  98  97  94  92  90  89  90  88  82  86  96
 190 189 191 191 191 191 191 191 182 175 176 178 181 186 186 176
 169 169 170 171 170 169 169 170 169 168 170 170 170 169 170 170
  19  97 136 141 120 122  22  29  29  26 134 127 121 145 118  19
  20 114 121 121 137 136  22  29  31  36 146 119 123 124  77  20
  26  20  19  21  22  22  26  29  29  26  15  20  21  23  24  28
  25  26  21  25  23  21  26  28  27  23  20  22  22  23  25  27
  18  78 128 143 138 116  24  27  30  32 123 108 141 135 100  24
  21 123 154 149 147 159  24  27  30  27 156 142 143 145 118  20
  22 120 147 145 143 146  41  28  29  39 151 144 145 147 119  20
  20 122 147 145 143 146  45  30  31  40 149 142 144 146 138  19
  15 153 201 198 197 167  45  28  31  48 167 161 165 170 180  22
  22  33  32  32  33  43  26  26  29  24  32  30  34  33  23  27
  27  26  26  25  29  30  28  28  29  29  28  30  29  28  29  26
  27  26  28  27  27  29  29  30  30  31  28  29  30  29  28  29
  28  29  27  23  20  21  20  21  23  24  26  29  30  28  28  29
  71  72  82  96  94  91  85  80  82  77  77  81  78  69  73  86
 173 174 175 176 175 176 173 170 162 158 159 162 161 163 163 154
 149 148 148 148 147 146 148 148 148 147 149 149 149 149 147 147

  20  24  31  32  31  28  29  29  31  38  31  31  42 113 175 172
 119  91  35  31 114 139 146 164 191  34  33  30  36  91 177 172
 150 137  37  30 152 168 178 174 183  55  38  35  37  83 176 172
 125 131  43  39 157 168 174 172 183  60  36  33  39  91 173 172
 131 122  44  37 133 168 170 168 176  54  34  31  39  92 173 174
 132 142  31  24 136 168 161 159 169  41  30  33  37  91 174 177
  22  24  28  26  31  28  41  41  45  23  27  31  34  97 176 174
  33  29  27  29  31  31  34  34  32  28  28  31  33 105 180 175
  34  29  29  33  33  28  30  34  32  32  35  38  34 100 187 175
  26  25  35  42  37  34  50  55  52  37  34  36  35 102 189 175
 130 143  34  40 131 184 175 174 182  60  33  33  38 112 192 174
 129 147  32  42 150 172 175 175 209  54  35  33  38 117 191 169
 147 136  31  42 154 170 175 175 209  56  36  33  40 116 189 169
 145 139  29  37 139 168 172 170 208  49  35  34  44 108 190 172
 103 118  27  40  83 119 125 125 145  39  34  35  44  99 193 175
  20  18  27  28  18  18  20  18  16  23  31  30  46 101 192 178
  19  23  32  33  27  27  25  23  24  33  32  32  31  96 176 170
 121  83  27  30 105 139 137 159 192  26  31  32  31  86 186 170
 149 133  27  27 147 170 172 171 198  43  31  31  32  82 186 169
 127 128  28  26 154 167 168 167 193  46  34  31  34  88 181 170
 135 124  29  27 122 166 168 168 188  40  34  32  32  90 178 170
 142 147  25  26 139 175 166 169 186  37  32  32  29  89 176 170
  27  37  33  31  37  30  41  44  52  27  32  31  25  90 175 168
  29  31  31  32  31  32  32  32  32  31  31  31  25  92 182 169
  29  29  30  31  31  31  32  31  31  32  31  31  27  94 191 170
  26  23  29  32  33  34  47  49  50  32  31  31  27  97 191 169
 131 135  25  27 132 184 167 167 185  52  33  31  26  98 191 169
 138 138  24  26 151 173 167 167 212  40  34  31  26 100 191 170
 150 127  23  25 153 170 167 168 213  39  34  32  31 104 191 171
 143 133  24  21 144 176 171 172 215  36  36  32  35  95 191 170
 108 126  26  30  87 135 132 137 161  36  33  32  34  91 189 169
  21  22  28  28  20  22  22  19  15  23  32  32  32  88 190 169
  19  20  28  27  24  20  20  19  22  27  26  29  29  86 154 147
 118  77  24  25 100 118 119 138 180  23  29  28  28  73 163 147
 145 124  23  23 135 145 147 146 170  33  28  29  28  69 163 149
 121 123  21  22 141 143 145 144 165  34  29  30  30  78 161 149
 127 119  20  22 108 142 144 142 161  30  30  29  29  81 162 149
 134 146  15  20 123 156 151 149 167  32  28  28  26  77 159 149
  26  36  26  23  32  27  39  40  48  24  29  31  24  77 158 147
  29  31  29  27  30  30  29  31  31  29  29  30  23  82 162 148
  29  29  29  28  27  27  28  30  28  26  28  30  21  80 170 148
  22  22  26  26  24  24  41  45  45  26  28  29  20  85 173 148
 122 136  22  21 116 159 146 146 167  43  30  29  21  91 176 146
 120 137  22  23 138 147 143 143 197  33  29  27  20  94 175 147
 141 121  21  25 143 149 145 145 198  32  25  27  23  96 176 148
 136 121  19  21 128 154 147 147 201  32  26  28  27  82 175 148
  97 114  20  26  78 123 120 122 153  33  26  26  29  72 174 148
  19  20  26  25  18  21  22  20  15  22  27  27  28  71 173 149

 172 172 172 172 174 177 174 175 175 175 174 169 169 172 175 178
 175 177 176 173 173 174 176 180 187 189 192 191 189 190 193 192
 113  91  83  91  92  91  97 105 100 102 112 117 116 108  99 101
  42  36  37  39  39  37  34  33  34  35  38  38  40  44  44  46
  31  30  35  33  31  33  31  31  38  36  33  33  33  34  35  30
  31  33  38  36  34  30  27  28  35  34  33  35  36  35  34  31
  38  34  55  60  54  41  23  28  32  37  60  54  56  49  39  23
  31 191 183 183 176 169  45  32  32  52 182 209 209 208 145  16
  29 164 174 172 168 159  41  34  34  55 174 175 175 170 125  18
  29 146 178 174 170 161  41  34  30  50 175 175 175 172 125  20
  28 139 168 168 168 168  28  31  28  34 184 172 170 168 119  18
  31 114 152 157 133 136  31  31  33  37 131 150 154 139  83  18
  32  31  30  39  37  24  26  29  33  42  40  42  42  37  40  28
  31  35  37  43  44  31  28  27  29  35  34  32  31  29  27  27
  24  91 137 131 122 142  24  29  29  25 143 147 136 139 118  18
  20 119 150 125 131 132  22  33  34  26 130 129 147 145 103  20
 170 170 169 170 170 170 168 169 170 169 169 170 171 170 169 169
 176 186 186 181 178 176 175 182 191 191 191 191 191 191 189 190
  96  86  82  88  90  89  90  92  94  97  98 100 104  95  91  88
  31  31  32  34  32  29  25  25  27  27  26  26  31  35  34  32
  32  32  31  31  32  32  31  31  31  31  31  31  32  32  32  32
  32  31  31  34  34  32  32  31  31  31  33  34  34  36  33  32
  33  26  43  46  40  37  27  31  32  32  52  40  39  36  36  23
  24 192 198 193 188 186  52  32  31  50 185 212 213 215 161  15
  23 159 171 167 168 169  44  32  31  49 167 167 168 172 137  19
  25 137 172 168 168 166  41  32  32  47 167 167 167 171 132  22
  27 139 170 167 166 175  30  32  31  34 184 173 170 176 135  22
  27 105 147 154 122 139  37  31  31  33 132 151 153 144  87  20
  33  30  27  26  27  26  31  32  31  32  27  26  25  21  30  28
  32  27  27  28  29  25  33  31  30  29  25  24  23  24  26  28
  23  83 133 128 124 147  37  31  29  23 135 138 127 133 126  22
  19 121 149 127 135 142  27  29  29  26 131 138 150 143 108  21
 147 147 149 149 149 149 147 148 148 148 146 147 148 148 148 149
 154 163 163 161 162 159 158 162 170 173 176 175 176 175 174 173
  86  73  69  78  81  77  77  82  80  85  91  94  96  82  72  71
  29  28  28  30  29  26  24  23  21  20  21  20  23  27  29  28
  29  28  29  30  29  28  31  30  30  29  29  27  27  28  26  27
  26  29  28  29  30  28  29  29  28  28  30  29  25  26  26  27
  27  23  33  34  30  32  24  29  26  26  43  33  32  32  33  22
  22 180 170 165 161 167  48  31  28  45 167 197 198 201 153  15
  19 138 146 144 142 149  40  31  30  45 146 143 145 147 122  20
  20 119 147 145 144 151  39  29  28  41 146 143 145 147 120  22
  20 118 145 143 142 156  27  30  27  24 159 147 149 154 123  21
  24 100 135 141 108 123  32  30  27  24 116 138 143 128  78  18
  27  25  23  22  22  20  23  27  28  26  21  23  25  21  26  25
  28  24  23  21  20  15  26  29  29  26  22  22  21  19  20  26
  20  77 124 123 119 146  36  31  29  22 136 137 121 121 114  20
  19 118 145 121 127 134  26  29  29  22 122 120 141 136  97  19

 178 192 101  46  30  31  23  16  18  20  18  18  28  27  18  20
 175 193  99  44  35  34  39 145 125 125 119  83  40  27 118 103
 172 190 108  44  34  35  49 208 170 172 168 139  37  29 139 145
 169 189 116  40  33  36  56 209 175 175 170 154  42  31 136 147
 169 191 117  38  33  35  54 209 175 175 172 150  42  32 147 129
 174 192 112  38  33  33  60 182 174 175 184 131  40  34 143 130
 175 189 102  35  36  34  37  52  55  50  34  37  42  35  25  26
 175 187 100  34  38  35  32  32  34  30  28  33  33  29  29  34
 175 180 105  33  31  28  28  32  34  34  31  31  29  27  29  33
 174 176  97  34  31  27  23  45  41  41  28  31  26  28  24  22
 177 174  91  37  33  30  41 169 159 161 168 136  24  31 142 132
 174 173  92  39  31  34  54 176 168 170 168 133  37  44 122 131
 172 173  91  39  33  36  60 183 172 174 168 157  39  43 131 125
 172 176  83  37  35  38  55 183 174 178 168 152  30  37 137 150
 172 177  91  36  30  33  34 191 164 146 139 114  31  35  91 119
 172 175 113  42  31  31  38  31  29  29  28  31  32  31  24  20
 169 190  88  32  32  32  23  15  19  22  22  20  28  28  22  21
 169 189  91  34  32  33  36 161 137 132 135  87  30  26 126 108
 170 191  95  35  32  36  36 215 172 171 176 144  21  24 133 143
 171 191 104  31  32  34  39 213 168 167 170 153  25  23 127 150
 170 191 100  26  31  34  40 212 167 167 173 151  26  24 138 138
 169 191  98  26  31  33  52 185 167 167 184 132  27  25 135 131
 169 191  97  27  31  31  32  50  49  47  34  33  32  29  23  26
 170 191  94  27  31  31  32  31  31  32  31  31  31  30  29  29
 169 182  92  25  31  31  31  32  32  32  32  31  32  31  31  29
 168 175  90  25  31  32  27  52  44  41  30  37  31  33  37  27
 170 176  89  29  32  32  37 186 169 166 175 139  26  25 147 142
 170 178  90  32  32  34  40 188 168 168 166 122  27  29 124 135
 170 181  88  34  31  34  46 193 167 168 167 154  26  28 128 127
 169 186  82  32  31  31  43 198 171 172 170 147  27  27 133 149
 170 186  86  31  32  31  26 192 159 137 139 105  30  27  83 121
 170 176  96  31  32  32  33  24  23  25  27  27  33  32  23  19
 149 173  71  28  27  27  22  15  20  22  21  18  25  26  20  19
 148 174  72  29  26  26  33 153 122 120 123  78  26  20 114  97
 148 175  82  27  28  26  32 201 147 147 154 128  21  19 121 136
 148 176  96  23  27  25  32 198 145 145 149 143  25  21 121 141
 147 175  94  20  27  29  33 197 143 143 147 138  23  22 137 120
 146 176  91  21  29  30  43 167 146 146 159 116  21  22 136 122
 148 173  85  20  29  28  26  45  45  41  24  24  26  26  22  22
 148 170  80  21  30  28  26  28  30  28  27  27  28  29  29  29
 148 162  82  23  30  29  29  31  31  29  30  30  27  29  31  29
 147 158  77  24  31  29  24  48  40  39  27  32  23  26  36  26
 149 159  77  26  28  28  32 167 149 151 156 123  20  15 146 134
 149 162  81  29  29  30  30 161 142 144 142 108  22  20 119 127
 149 161  78  30  30  29  34 165 144 145 143 141  22  21 123 121
 149 163  69  28  29  28  33 170 146 147 145 135  23  23 124 145
 147 163  73  28  28  29  23 180 138 119 118 100  25  24  77 118
 147 154  86  29  29  26  27  22  19  20  20  24  27  28  20  19

