  29 105 171 169 173 171 170 171 169 172 179  80  42  34 106 172
 145 152 172 170 169 169 170 171 169 174 178  82  41  36  71 113
 165 167 171 171 168 168 170 171 172 174 178  83  45  32  30  24
 169 171 173 173 168 168 171 169 175 170 179  81  48  32  29  29
 171 172 171 173 168 168 170 165 156 150 153  79  40  30  26  26
 171 171 171 173 170 169 169 176  60  35  27  35  35  31  22  22
 172 172 171 173 172 171 166 176  60  48  36  42  35  33  27  28
 172 174 173 171 169 169 165 170  60  57  53  51  42  39  39  40
 170 172 172 169 168 169 170 167 176 181 190 105  44  51 103 173
 169 168 169 168 170 171 173 171 170 169 179  91  41  52  96 164
 165 161 177 178 173 169 170 171 173 170 180  78  38  49 111 167
 164 119  41  59  89 169 167 170 174 170 176  82  36  48 115 169
 164 133  47  48  72 178 168 170 169 171 174  84  36  49 111 171
 164 109  44  40  65 180 170 168 166 173 185  86  40  42 107 169
 163 114  46  42  60 178 168 169 108 101 128  59  34  33  81 129
 164 114  41  40  64 177 165 170  49  30  24  26  27  30  24  13
  20 107 179 167 168 167 168 169 170 170 191  66  41  30  95 181
 142 154 173 169 170 169 169 169 169 169 188  71  40  35  65 120
 167 168 169 169 170 169 169 169 169 168 186  76  40  36  31  26
 167 168 168 168 170 169 169 168 171 171 192  77  39  36  34  33
 167 168 168 168 169 169 169 171 144 149 159  76  36  34  35  33
 168 168 169 168 169 170 167 192  39  28  28  32  36  35  35  34
 168 168 169 169 170 170 168 196  35  40  38  39  38  37  35  34
 167 167 168 168 168 168 169 182  46  49  54  42  40  40  38  43
 167 167 169 169 168 168 168 168 175 182 201  98  35  38  97 185
 167 168 169 170 169 167 166 168 170 168 190  81  31  36  93 175
 167 168 186 187 172 167 167 168 169 168 190  67  31  37 117 175
 168 127  42  61  85 174 169 168 169 168 187  72  31  37 118 178
 168 138  36  43  60 188 169 169 169 168 187  75  30  35 110 180
 167 104  32  41  59 192 168 169 171 175 197  80  39  34 106 180
 167 106  31  41  57 192 167 177 105 102 138  56  37  33  83 135
 171 108  29  40  60 191 167 183  33  28  26  30  34  34  32  16
  19  91 150 143 141 142 141 141 141 141 154  55  30  25  92 150
 125 131 145 142 142 142 140 142 143 142 152  61  28  29  64 101
 142 140 143 143 142 145 142 141 142 143 150  66  27  30  28  20
 142 140 142 142 142 146 143 142 144 142 160  69  27  28  26  25
 141 140 141 142 143 144 142 145 125 134 147  72  28  27  24  26
 141 141 142 143 143 142 141 165  30  26  27  27  31  28  26  26
 141 141 143 143 142 142 140 166  28  38  36  29  29  28  30  30
 141 142 143 142 144 143 140 154  35  38  46  36  30  28  32  36
 141 141 142 142 143 142 140 142 147 153 176  86  26  25  91 157
 140 138 139 139 140 141 142 142 141 142 164  68  21  22  85 146
 141 140 155 159 148 140 140 140 142 143 164  56  20  20 103 148
 138 107  29  47  72 144 140 141 141 143 160  59  22  24 101 150
 137 118  28  32  52 156 139 140 140 141 157  61  25  28  93 153
 137  82  25  32  51 156 140 138 143 148 169  68  34  28  92 153
 139  84  24  32  50 156 139 145  90  88 123  50  31  27  75 122
 142  85  24  30  54 156 137 149  27  26  25  28  28  29  28  15

 172 113  24  29  26  22  28  40 173 164 167 169 171 169 129  13
 106  71  30  29  26  22  27  39 103  96 111 115 111 107  81  24
  34  36  32  32  30  31  33  39  51  52  49  48  49  42  33  30
  42  41  45  48  40  35  35  42  44  41  38  36  36  40  34  27
  80  82  83  81  79  35  42  51 105  91  78  82  84  86  59  26
 179 178 178 179 153  27  36  53 190 179 180 176 174 185 128  24
 172 174 174 170 150  35  48  57 181 169 170 170 171 173 101  30
 169 169 172 175 156  60  60  60 176 170 173 174 169 166 108  49
 171 171 171 169 165 176 176 170 167 171 171 170 170 168 169 170
 170 170 170 171 170 169 166 165 170 173 170 167 168 170 168 165
 171 169 168 168 168 169 171 169 169 171 169 169 178 180 178 177
 173 169 168 168 168 170 172 169 168 170 173  89  72  65  60  64
 169 170 171 173 173 173 173 171 169 168 178  59  48  40  42  40
 171 172 171 173 171 171 171 173 172 169 177  41  47  44  46  41
 105 152 167 171 172 171 172 174 172 168 161 119 133 109 114 114
  29 145 165 169 171 171 172 172 170 169 165 164 164 164 163 164
 181 120  26  33  33  34  34  43 185 175 175 178 180 180 135  16
  95  65  31  34  35  35  35  38  97  93 117 118 110 106  83  32
  30  35  36  36  34  35  37  40  38  36  37  37  35  34  33  34
  41  40  40  39  36  36  38  40  35  31  31  31  30  39  37  34
  66  71  76  77  76  32  39  42  98  81  67  72  75  80  56  30
 191 188 186 192 159  28  38  54 201 190 190 187 187 197 138  26
 170 169 168 171 149  28  40  49 182 168 168 168 168 175 102  28
 170 169 169 171 144  39  35  46 175 170 169 169 169 171 105  33
 169 169 169 168 171 192 196 182 168 168 168 168 169 169 177 183
 168 169 169 169 169 167 168 169 168 166 167 169 169 168 167 167
 167 169 169 169 169 170 170 168 168 167 167 174 188 192 192 191
 168 170 170 170 169 169 170 168 168 169 172  85  60  59  57  60
 167 169 169 168 168 168 169 168 169 170 187  61  43  41  41  40
 179 173 169 168 168 169 169 168 169 169 186  42  36  32  31  29
 107 154 168 168 168 168 168 167 167 168 168 127 138 104 106 108
  20 142 167 167 167 168 168 167 167 167 167 168 168 167 167 171
 150 101  20  25  26  26  30  36 157 146 148 150 153 153 122  15
  92  64  28  26  24  26  30  32  91  85 103 101  93  92  75  28
  25  29  30  28  27  28  28  28  25  22  20  24  28  28  27  29
  30  28  27  27  28  31  29  30  26  21  20  22  25  34  31  28
  55  61  66  69  72  27  29  36  86  68  56  59  61  68  50  28
 154 152 150 160 147  27  36  46 176 164 164 160 157 169 123  25
 141 142 143 142 134  26  38  38 153 142 143 143 141 148  88  26
 141 143 142 144 125  30  28  35 147 141 142 141 140 143  90  27
 141 142 141 142 145 165 166 154 142 142 140 141 140 138 145 149
 141 140 142 143 142 141 140 140 140 142 140 140 139 140 139 137
 142 142 145 146 144 142 142 143 142 141 140 144 156 156 156 156
 141 142 142 142 143 143 142 144 143 140 148  72  52  51  50  54
 143 142 143 142 142 143 143 142 142 139 159  47  32  32  32  30
 150 145 143 142 141 142 143 143 142 139 155  29  28  25  24  24
  91 131 140 140 140 141 141 142 141 138 140 107 118  82  84  85
  19 125 142 142 141 141 141 141 141 140 141 138 137 137 139 142

  13  24  30  27  26  24  30  49 170 165 177  64  40  41 114 164
 129  81  33  34  59 128 101 108 169 168 178  60  42  46 114 163
 169 107  42  40  86 185 173 166 168 170 180  65  40  44 109 164
 171 111  49  36  84 174 171 169 170 168 178  72  48  47 133 164
 169 115  48  36  82 176 170 174 170 167 169  89  59  41 119 164
 167 111  49  38  78 180 170 173 171 170 169 173 178 177 161 165
 164  96  52  41  91 179 169 170 171 173 171 170 168 169 168 169
 173 103  51  44 105 190 181 176 167 170 169 168 169 172 172 170
  40  39  39  42  51  53  57  60 170 165 169 169 171 173 174 172
  28  27  33  35  42  36  48  60 176 166 171 172 173 171 172 172
  22  22  31  35  35  27  35  60 176 169 169 170 173 171 171 171
  26  26  30  40  79 153 150 156 165 170 168 168 173 171 172 171
  29  29  32  48  81 179 170 175 169 171 168 168 173 173 171 169
  24  30  32  45  83 178 174 172 171 170 168 168 171 171 167 165
 113  71  36  41  82 178 174 169 171 170 169 169 170 172 152 145
 172 106  34  42  80 179 172 169 171 170 171 173 169 171 105  29
  16  32  34  34  30  26  28  33 183 167 191  60  40  29 108 171
 135  83  33  37  56 138 102 105 177 167 192  57  41  31 106 167
 180 106  34  39  80 197 175 171 169 168 192  59  41  32 104 167
 180 110  35  30  75 187 168 169 169 169 188  60  43  36 138 168
 178 118  37  31  72 187 168 169 168 169 174  85  61  42 127 168
 175 117  37  31  67 190 168 169 168 167 167 172 187 186 168 167
 175  93  36  31  81 190 168 170 168 166 167 169 170 169 168 167
 185  97  38  35  98 201 182 175 168 168 168 168 169 169 167 167
  43  38  40  40  42  54  49  46 182 169 168 168 168 168 167 167
  34  35  37  38  39  38  40  35 196 168 170 170 169 169 168 168
  34  35  35  36  32  28  28  39 192 167 170 169 168 169 168 168
  33  35  34  36  76 159 149 144 171 169 169 169 168 168 168 167
  33  34  36  39  77 192 171 171 168 169 169 170 168 168 168 167
  26  31  36  40  76 186 168 169 169 169 169 170 169 169 168 167
 120  65  35  40  71 188 169 169 169 169 169 170 169 173 154 142
 181  95  30  41  66 191 170 170 169 168 167 168 167 179 107  20
  15  28  29  28  28  25  26  27 149 137 156  54  30  24  85 142
 122  75  27  31  50 123  88  90 145 139 156  50  32  24  84 139
 153  92  28  34  68 169 148 143 138 140 156  51  32  25  82 137
 153  93  28  25  61 157 141 140 140 139 156  52  32  28 118 137
 150 101  24  22  59 160 143 141 141 140 144  72  47  29 107 138
 148 103  20  20  56 164 143 142 140 140 140 148 159 155 140 141
 146  85  22  21  68 164 142 141 142 142 141 140 139 139 138 140
 157  91  25  26  86 176 153 147 142 140 142 143 142 142 141 141
  36  32  28  30  36  46  38  35 154 140 143 144 142 143 142 141
  30  30  28  29  29  36  38  28 166 140 142 142 143 143 141 141
  26  26  28  31  27  27  26  30 165 141 142 143 143 142 141 141
  26  24  27  28  72 147 134 125 145 142 144 143 142 141 140 141
  25  26  28  27  69 160 142 144 142 143 146 142 142 142 140 142
  20  28  30  27  66 150 143 142 141 142 145 142 143 143 140 142
 101  64  29  28  61 152 142 143 142 140 142 142 142 145 131 125
 150  92  25  30  55 154 141 141 141 141 142 141 143 150  91  19

 164 163 164 164 164 165 169 170 172 172 171 171 169 165 145  29
 114 114 109 133 119 161 168 172 174 172 171 172 171 167 152 105
  41  46  44  47  41 177 169 172 173 171 171 171 173 171 172 171
  40  42  40  48  59 178 168 169 171 173 173 173 173 171 170 169
  64  60  65  72  89 173 170 168 169 172 170 168 168 168 169 173
 177 178 180 178 169 169 171 169 169 171 169 168 168 168 169 171
 165 168 170 168 167 170 173 170 165 166 169 170 171 170 170 170
 170 169 168 170 170 171 171 167 170 176 176 165 169 171 171 171
  49 108 166 169 174 173 170 176  60  60  60 156 175 172 169 169
  30 101 173 171 170 170 169 181  57  48  35 150 170 174 174 172
  24 128 185 174 176 180 179 190  53  36  27 153 179 178 178 179
  26  59  86  84  82  78  91 105  51  42  35  79  81  83  82  80
  27  34  40  36  36  38  41  44  42  35  35  40  48  45  41  42
  30  33  42  49  48  49  52  51  39  33  31  30  32  32  36  34
  24  81 107 111 115 111  96 103  39  27  22  26  29  30  71 106
  13 129 169 171 169 167 164 173  40  28  22  26  29  24 113 172
 171 167 167 168 168 167 167 167 167 168 168 167 167 167 142  20
 108 106 104 138 127 168 168 167 167 168 168 168 168 168 154 107
  29  31  32  36  42 186 169 169 168 169 169 168 168 169 173 179
  40  41  41  43  61 187 170 169 168 169 168 168 168 169 169 167
  60  57  59  60  85 172 169 168 168 170 169 169 170 170 170 168
 191 192 192 188 174 167 167 168 168 170 170 169 169 169 169 167
 167 167 168 169 169 167 166 168 169 168 167 169 169 169 169 168
 183 177 169 169 168 168 168 168 182 196 192 171 168 169 169 169
  33 105 171 169 169 169 170 175  46  35  39 144 171 169 169 170
  28 102 175 168 168 168 168 182  49  40  28 149 171 168 169 170
  26 138 197 187 187 190 190 201  54  38  28 159 192 186 188 191
  30  56  80  75  72  67  81  98  42  39  32  76  77  76  71  66
  34  37  39  30  31  31  31  35  40  38  36  36  39  40  40  41
  34  33  34  35  37  37  36  38  40  37  35  34  36  36  35  30
  32  83 106 110 118 117  93  97  38  35  35  35  34  31  65  95
  16 135 180 180 178 175 175 185  43  34  34  33  33  26 120 181
 142 139 137 137 138 141 140 141 141 141 141 141 142 142 125  19
  85  84  82 118 107 140 138 141 142 141 141 140 140 140 131  91
  24  24  25  28  29 155 139 142 143 143 142 141 142 143 145 150
  30  32  32  32  47 159 139 142 142 143 143 142 142 143 142 143
  54  50  51  52  72 148 140 143 144 142 143 143 142 142 142 141
 156 156 156 156 144 140 141 142 143 142 142 144 146 145 142 142
 137 139 140 139 140 140 142 140 140 140 141 142 143 142 140 141
 149 145 138 140 141 140 142 142 154 166 165 145 142 141 142 141
  27  90 143 140 141 142 141 147  35  28  30 125 144 142 143 141
  26  88 148 141 143 143 142 153  38  38  26 134 142 143 142 141
  25 123 169 157 160 164 164 176  46  36  27 147 160 150 152 154
  28  50  68  61  59  56  68  86  36  29  27  72  69  66  61  55
  28  31  34  25  22  20  21  26  30  29  31  28  27  27  28  30
  29  27  28  28  24  20  22  25  28  28  28  27  28  30  29  25
  28  75  92  93 101 103  85  91  32  30  26  24  26  28  64  92
  15 122 153 153 150 148 146 157  36  30  26  26  25  20 101 150

