 184 185 187 187 193 186 186 182 183 194 186 192 192 193 153  34
  81  88  89  93 101 190 185 189 101  84  90  99  98  99 121 175
  43  46  46  38  48 215 185 207  64  42  37  37  38  36 116 194
  41  44  38  44  55 205 179 211  83  50  38  38  39  47 109 187
 117 112 101 106 110 140 143 152  73  43  38  36  37  46 111 198
 184 185 184 183 187  50  39  29  39  37  38  35  35  44  96 198
 180 182 176 174 185  48  47  43  39  36  38  37  41  43 105 194
 180 184 178 173 164  75  63  55  44  37  38  38  42  39  96 187
 180 161  40  36  57 194 194 221  74  44  39  39  38  40  34  32
 180 170  55  58  58 196 182 197  85  48  38  37  35  40  39  36
 180 143  43  55  80 193 184 202  82  44  41  32  20  32  44  37
 181 180 193 194 184 185 185 201  64  43  45 166 197 196 144  37
 181 182 183 185 184 187 187 198  56  46  41 170 179 182 144  41
 180 179 189 193 184 187 187 215  57  51  38 143 181 182 172  41
 180 168 102 103 102 104  94  97  47  47  36 162 185 181 174  35
 179 163  38  33  37  41  31  32  39  40  37 180 184 181 170  38
 191 192 192 193 191 181 182 182 181 202 194 192 193 193 146  20
  84  92  92  94  92 194 182 192  97  88  98 102  99  95 112 174
  41  42  45  35  32 227 180 208  46  37  40  38  39  29 102 198
  38  38  35  38  36 210 182 217  64  43  41  41  42  41  92 191
 118 114 103 108 108 138 147 159  67  42  42  41  40  43  97 197
 188 186 189 189 188  34  36  28  38  41  40  40  38  43  90 198
 178 179 179 178 188  20  46  43  42  41  39  37  37  42 102 198
 177 181 175 174 166  57  58  55  39  40  39  38  38  35  94 196
 178 157  24  29  48 203 193 223  63  42  39  39  39  38  35  32
 179 172  35  49  38 205 180 204  71  44  41  40  39  39  38  39
 180 142  27  43  69 197 181 209  63  47  44  34  22  30  41  39
 180 182 190 194 184 185 182 204  47  46  36 159 206 201 146  32
 180 181 181 183 184 182 183 203  36  47  24 163 183 185 143  28
 179 180 189 196 191 190 192 223  47  47  30 142 183 184 168  26
 179 169  95 103 106 109 101 111  48  45  33 161 181 181 175  33
 180 154  26  35  36  39  33  35  42  42  33 182 180 181 165  34
 167 169 167 167 167 160 157 157 160 177 172 166 165 171 134  17
  77  86  85  87  83 173 156 169  88  77  89  92  87  86 105 158
  40  42  47  35  28 210 156 191  38  32  34  34  34  25  96 175
  36  38  34  36  32 191 153 200  52  36  34  35  36  36  87 169
 107 101  90  96  98 128 134 149  59  37  35  36  38  40  91 178
 165 160 159 162 173  30  35  27  33  35  38  37  37  40  81 181
 158 154 151 149 172  19  45  43  38  37  39  37  36  41  95 178
 156 157 160 160 152  51  51  54  39  38  39  38  35  30  91 180
 155 140  22  28  44 178 167 213  58  40  38  39  36  33  36  34
 156 153  32  47  39 184 156 184  61  38  37  38  39  39  40  39
 159 123  24  38  62 179 157 188  56  39  39  32  20  29  43  38
 156 154 168 168 158 162 158 184  40  37  32 152 183 180 136  29
 157 155 155 155 153 158 160 179  29  39  26 155 157 156 130  21
 158 159 165 172 166 166 168 207  40  41  27 132 160 155 163  23
 157 153  89  98  99 101  92 104  43  40  31 148 157 155 161  32
 155 142  22  32  35  39  31  32  39  39  30 168 157 154 149  28

  34 175 194 187 198 198 194 187  32  36  37  37  41  41  35  38
 153 121 116 109 111  96 105  96  34  39  44 144 144 172 174 170
 193  99  36  47  46  44  43  39  40  40  32 196 182 182 181 181
 192  98  38  39  37  35  41  42  38  35  20 197 179 181 185 184
 192  99  37  38  36  35  37  38  39  37  32 166 170 143 162 180
 186  90  37  38  38  38  38  38  39  38  41  45  41  38  36  37
 194  84  42  50  43  37  36  37  44  48  44  43  46  51  47  40
 183 101  64  83  73  39  39  44  74  85  82  64  56  57  47  39
 182 189 207 211 152  29  43  55 221 197 202 201 198 215  97  32
 186 185 185 179 143  39  47  63 194 182 184 185 187 187  94  31
 186 190 215 205 140  50  48  75 194 196 193 185 187 187 104  41
 193 101  48  55 110 187 185 164  57  58  80 184 184 184 102  37
 187  93  38  44 106 183 174 173  36  58  55 194 185 193 103  33
 187  89  46  38 101 184 176 178  40  55  43 193 183 189 102  38
 185  88  46  44 112 185 182 184 161 170 143 180 182 179 168 163
 184  81  43  41 117 184 180 180 180 180 180 181 181 180 180 179
  20 174 198 191 197 198 198 196  32  39  39  32  28  26  33  34
 146 112 102  92  97  90 102  94  35  38  41 146 143 168 175 165
 193  95  29  41  43  43  42  35  38  39  30 201 185 184 181 181
 193  99  39  42  40  38  37  38  39  39  22 206 183 183 181 180
 192 102  38  41  41  40  37  38  39  40  34 159 163 142 161 182
 194  98  40  41  42  40  39  39  39  41  44  36  24  30  33  33
 202  88  37  43  42  41  41  40  42  44  47  46  47  47  45  42
 181  97  46  64  67  38  42  39  63  71  63  47  36  47  48  42
 182 192 208 217 159  28  43  55 223 204 209 204 203 223 111  35
 182 182 180 182 147  36  46  58 193 180 181 182 183 192 101  33
 181 194 227 210 138  34  20  57 203 205 197 185 182 190 109  39
 191  92  32  36 108 188 188 166  48  38  69 184 184 191 106  36
 193  94  35  38 108 189 178 174  29  49  43 194 183 196 103  35
 192  92  45  35 103 189 179 175  24  35  27 190 181 189  95  26
 192  92  42  38 114 186 179 181 157 172 142 182 181 180 169 154
 191  84  41  38 118 188 178 177 178 179 180 180 180 179 179 180
  17 158 175 169 178 181 178 180  34  39  38  29  21  23  32  28
 134 105  96  87  91  81  95  91  36  40  43 136 130 163 161 149
 171  86  25  36  40  40  41  30  33  39  29 180 156 155 155 154
 165  87  34  36  38  37  36  35  36  39  20 183 157 160 157 157
 166  92  34  35  36  37  37  38  39  38  32 152 155 132 148 168
 172  89  34  34  35  38  39  39  38  37  39  32  26  27  31  30
 177  77  32  36  37  35  37  38  40  38  39  37  39  41  40  39
 160  88  38  52  59  33  38  39  58  61  56  40  29  40  43  39
 157 169 191 200 149  27  43  54 213 184 188 184 179 207 104  32
 157 156 156 153 134  35  45  51 167 156 157 158 160 168  92  31
 160 173 210 191 128  30  19  51 178 184 179 162 158 166 101  39
 167  83  28  32  98 173 172 152  44  39  62 158 153 166  99  35
 167  87  35  36  96 162 149 160  28  47  38 168 155 172  98  32
 167  85  47  34  90 159 151 160  22  32  24 168 155 165  89  22
 169  86  42  38 101 160 154 157 140 153 123 154 155 159 153 142
 167  77  40  36 107 165 158 156 155 156 159 156 157 158 157 155

  38 170 181 184 180  37  40  39  32  31  41  37  33  38 163 179
  35 174 181 185 162  36  47  47  97  94 104 102 103 102 168 180
  41 172 182 181 143  38  51  57 215 187 187 184 193 189 179 180
  41 144 182 179 170  41  46  56 198 187 187 184 185 183 182 181
  37 144 196 197 166  45  43  64 201 185 185 184 194 193 180 181
  37  44  32  20  32  41  44  82 202 184 193  80  55  43 143 180
  36  39  40  35  37  38  48  85 197 182 196  58  58  55 170 180
  32  34  40  38  39  39  44  74 221 194 194  57  36  40 161 180
 187  96  39  42  38  38  37  44  55  63  75 164 173 178 184 180
 194 105  43  41  37  38  36  39  43  47  48 185 174 176 182 180
 198  96  44  35  35  38  37  39  29  39  50 187 183 184 185 184
 198 111  46  37  36  38  43  73 152 143 140 110 106 101 112 117
 187 109  47  39  38  38  50  83 211 179 205  55  44  38  44  41
 194 116  36  38  37  37  42  64 207 185 215  48  38  46  46  43
 175 121  99  98  99  90  84 101 189 185 190 101  93  89  88  81
  34 153 193 192 192 186 194 183 182 186 186 193 187 187 185 184
  34 165 181 180 182  33  42  42  35  33  39  36  35  26 154 180
  33 175 181 181 161  33  45  48 111 101 109 106 103  95 169 179
  26 168 184 183 142  30  47  47 223 192 190 191 196 189 180 179
  28 143 185 183 163  24  47  36 203 183 182 184 183 181 181 180
  32 146 201 206 159  36  46  47 204 182 185 184 194 190 182 180
  39  41  30  22  34  44  47  63 209 181 197  69  43  27 142 180
  39  38  39  39  40  41  44  71 204 180 205  38  49  35 172 179
  32  35  38  39  39  39  42  63 223 193 203  48  29  24 157 178
 196  94  35  38  38  39  40  39  55  58  57 166 174 175 181 177
 198 102  42  37  37  39  41  42  43  46  20 188 178 179 179 178
 198  90  43  38  40  40  41  38  28  36  34 188 189 189 186 188
 197  97  43  40  41  42  42  67 159 147 138 108 108 103 114 118
 191  92  41  42  41  41  43  64 217 182 210  36  38  35  38  38
 198 102  29  39  38  40  37  46 208 180 227  32  35  45  42  41
 174 112  95  99 102  98  88  97 192 182 194  92  94  92  92  84
  20 146 193 193 192 194 202 181 182 182 181 191 193 192 192 191
  28 149 154 157 168  30  39  39  32  31  39  35  32  22 142 155
  32 161 155 157 148  31  40  43 104  92 101  99  98  89 153 157
  23 163 155 160 132  27  41  40 207 168 166 166 172 165 159 158
  21 130 156 157 155  26  39  29 179 160 158 153 155 155 155 157
  29 136 180 183 152  32  37  40 184 158 162 158 168 168 154 156
  38  43  29  20  32  39  39  56 188 157 179  62  38  24 123 159
  39  40  39  39  38  37  38  61 184 156 184  39  47  32 153 156
  34  36  33  36  39  38  40  58 213 167 178  44  28  22 140 155
 180  91  30  35  38  39  38  39  54  51  51 152 160 160 157 156
 178  95  41  36  37  39  37  38  43  45  19 172 149 151 154 158
 181  81  40  37  37  38  35  33  27  35  30 173 162 159 160 165
 178  91  40  38  36  35  37  59 149 134 128  98  96  90 101 107
 169  87  36  36  35  34  36  52 200 153 191  32  36  34  38  36
 175  96  25  34  34  34  32  38 191 156 210  28  35  47  42  40
 158 105  86  87  92  89  77  88 169 156 173  83  87  85  86  77
  17 134 171 165 166 172 177 160 157 157 160 167 167 167 169 167

 179 180 180 181 181 180 180 180 180 180 184 117  41  43  81 184
 163 168 179 182 180 143 170 161 184 182 185 112  44  46  88 185
  38 102 189 183 193  43  55  40 178 176 184 101  38  46  89 187
  33 103 193 185 194  55  58  36 173 174 183 106  44  38  93 187
  37 102 184 184 184  80  58  57 164 185 187 110  55  48 101 193
  41 104 187 187 185 193 196 194  75  48  50 140 205 215 190 186
  31  94 187 187 185 184 182 194  63  47  39 143 179 185 185 186
  32  97 215 198 201 202 197 221  55  43  29 152 211 207 189 182
  39  47  57  56  64  82  85  74  44  39  39  73  83  64 101 183
  40  47  51  46  43  44  48  44  37  36  37  43  50  42  84 194
  37  36  38  41  45  41  38  39  38  38  38  38  38  37  90 186
 180 162 143 170 166  32  37  39  38  37  35  36  38  37  99 192
 184 185 181 179 197  20  35  38  42  41  35  37  39  38  98 192
 181 181 182 182 196  32  40  40  39  43  44  46  47  36  99 193
 170 174 172 144 144  44  39  34  96 105  96 111 109 116 121 153
  38  35  41  41  37  37  36  32 187 194 198 198 187 194 175  34
 180 179 179 180 180 180 179 178 177 178 188 118  38  41  84 191
 154 169 180 181 182 142 172 157 181 179 186 114  38  42  92 192
  26  95 189 181 190  27  35  24 175 179 189 103  35  45  92 192
  35 103 196 183 194  43  49  29 174 178 189 108  38  35  94 193
  36 106 191 184 184  69  38  48 166 188 188 108  36  32  92 191
  39 109 190 182 185 197 205 203  57  20  34 138 210 227 194 181
  33 101 192 183 182 181 180 193  58  46  36 147 182 180 182 182
  35 111 223 203 204 209 204 223  55  43  28 159 217 208 192 182
  42  48  47  36  47  63  71  63  39  42  38  67  64  46  97 181
  42  45  47  47  46  47  44  42  40  41  41  42  43  37  88 202
  33  33  30  24  36  44  41  39  39  39  40  42  41  40  98 194
 182 161 142 163 159  34  40  39  38  37  40  41  41  38 102 192
 180 181 183 183 206  22  39  39  38  37  38  40  42  39  99 193
 181 181 184 185 201  30  39  38  35  42  43  43  41  29  95 193
 165 175 168 143 146  41  38  35  94 102  90  97  92 102 112 146
  34  33  26  28  32  39  39  32 196 198 198 197 191 198 174  20
 155 157 158 157 156 159 156 155 156 158 165 107  36  40  77 167
 142 153 159 155 154 123 153 140 157 154 160 101  38  42  86 169
  22  89 165 155 168  24  32  22 160 151 159  90  34  47  85 167
  32  98 172 155 168  38  47  28 160 149 162  96  36  35  87 167
  35  99 166 153 158  62  39  44 152 172 173  98  32  28  83 167
  39 101 166 158 162 179 184 178  51  19  30 128 191 210 173 160
  31  92 168 160 158 157 156 167  51  45  35 134 153 156 156 157
  32 104 207 179 184 188 184 213  54  43  27 149 200 191 169 157
  39  43  40  29  40  56  61  58  39  38  33  59  52  38  88 160
  39  40  41  39  37  39  38  40  38  37  35  37  36  32  77 177
  30  31  27  26  32  39  37  38  39  39  38  35  34  34  89 172
 168 148 132 155 152  32  38  39  38  37  37  36  35  34  92 166
 157 157 160 157 183  20  39  36  35  36  37  38  36  34  87 165
 154 155 155 156 180  29  39  33  30  41  40  40  36  25  86 171
 149 161 163 130 136  43  40  36  91  95  81  91  87  96 105 134
  28  32  23  21  29  38  39  34 180 178 181 178 169 175 158  17

