  33  34  37  30  24 184 174 187  84  31  26  33  31  29  65 192
  35  64 150 150 149 172 176 179 156 165 161 154 144 137 152 182
  38  59 182 176 176 176 179 179 181 180 177 173 176 177 180 180
  36  52 190 177 176 180 178 173 181 180 181 178 179 180 181 179
  33  62 188 174 177 128 126 117 167 177 180 180 179 179 182 178
  34  87 183 172 193  47  29  33 141 176 178 180 179 176 180 179
  38  75 184 173 199  54  44  38 159 171 173 173 174 174 175 177
  39  58 184 175 211  63  39  33 165 154 148 142 156 163 164 174
  40  56 180 173 189  72  43  36  32  15  23  34  32  33  72 188
  44  56 186 174 189  64  46  37  39  32  33  36  39  51  82 184
  42  84 183 175 178  50  39  35  47  35  36  44  38  45  79 183
 183 176 166 173 176 178 184 196 104  37  42 116 180 189 178 174
 175 175 171 173 179 179 179 186  91  44  41 117 169 175 174 176
 174 171 178 173 171 173 178 185  67  32  24 113 169 175 170 181
 171 169  74  71  62 162 178 179 158 161 171 166 174 175 155  66
 169 188  37  45  48 205 176 178 173 173 172 176 176 170 167  27
  37  33  36  23   7 190 171 187  69  23  19  26  28  26  48 190
  36  57 158 148 144 176 172 174 141 158 163 161 149 141 145 178
  37  47 190 173 173 173 172 173 173 174 173 174 172 175 174 172
  37  39 191 171 172 176 176 176 173 172 173 173 173 173 172 173
  37  54 193 172 179 118 124 113 160 172 173 173 173 173 172 173
  37  85 194 172 196  27  21  19 138 172 173 173 173 174 172 173
  37  71 196 172 202  34  38  27 159 172 173 173 174 174 172 173
  39  54 195 172 214  52  39  28 165 159 153 147 162 171 166 175
  40  43 188 172 193  61  39  36  26  15  24  34  32  28  61 198
  40  36 192 171 196  43  38  37  34  36  36  37  38  37  59 192
  34  73 188 172 183  38  35  39  38  36  38  40  37  34  62 187
 181 175 167 171 173 170 180 203  91  37  38 116 189 190 173 172
 171 170 169 171 172 172 172 191  72  40  33 117 174 172 173 172
 170 169 179 178 173 172 171 186  49  24  17 108 170 171 171 182
 170 176  68  70  63 167 171 174 152 162 171 160 171 171 156  65
 170 197  22  35  39 216 171 173 172 172 172 172 171 172 176  21
  32  31  34  22   7 168 149 165  57  16  18  23  26  24  45 175
  30  50 144 130 127 152 150 149 122 138 143 137 130 121 128 160
  35  41 167 145 146 149 149 148 147 149 148 147 148 146 148 151
  36  35 174 146 147 153 151 148 147 150 150 149 150 149 148 151
  36  51 169 148 154 104 114 103 144 149 149 149 150 149 150 152
  35  78 167 151 174  26  23  21 122 147 149 150 149 149 149 151
  33  63 167 149 180  31  37  27 140 146 149 149 148 148 149 149
  34  48 171 148 199  45  36  28 158 145 139 135 146 152 144 148
  31  41 170 148 172  52  36  36  26  15  24  34  32  26  52 169
  33  36 174 148 170  39  37  36  33  28  30  33  35  35  53 167
  29  64 167 149 156  30  27  32  35  27  32  37  29  30  54 162
 155 151 143 147 150 148 153 182  83  30  31 105 162 163 149 146
 146 146 146 148 149 149 147 166  64  34  28 106 151 148 147 146
 147 146 158 157 152 150 148 161  43  20  13  97 149 148 148 158
 148 153  65  66  57 149 148 151 133 137 148 136 148 147 135  60
 146 174  24  34  36 197 149 150 148 145 146 147 148 146 153  25

 192 182 180 179 178 179 177 174 188 184 183 174 176 181  66  27
  65 152 180 181 182 180 175 164  72  82  79 178 174 170 155 167
  29 137 177 180 179 176 174 163  33  51  45 189 175 175 175 170
  31 144 176 179 179 179 174 156  32  39  38 180 169 169 174 176
  33 154 173 178 180 180 173 142  34  36  44 116 117 113 166 176
  26 161 177 181 180 178 173 148  23  33  36  42  41  24 171 172
  31 165 180 180 177 176 171 154  15  32  35  37  44  32 161 173
  84 156 181 181 167 141 159 165  32  39  47 104  91  67 158 173
 187 179 179 173 117  33  38  33  36  37  35 196 186 185 179 178
 174 176 179 178 126  29  44  39  43  46  39 184 179 178 178 176
 184 172 176 180 128  47  54  63  72  64  50 178 179 173 162 205
  24 149 176 176 177 193 199 211 189 189 178 176 179 171  62  48
  30 150 176 177 174 172 173 175 173 174 175 173 173 173  71  45
  37 150 182 190 188 183 184 184 180 186 183 166 171 178  74  37
  34  64  59  52  62  87  75  58  56  56  84 176 175 171 169 188
  33  35  38  36  33  34  38  39  40  44  42 183 175 174 171 169
 190 178 172 173 173 173 173 175 198 192 187 172 172 182  65  21
  48 145 174 172 172 172 172 166  61  59  62 173 173 171 156 176
  26 141 175 173 173 174 174 171  28  37  34 190 172 171 171 172
  28 149 172 173 173 173 174 162  32  38  37 189 174 170 171 171
  26 161 174 173 173 173 173 147  34  37  40 116 117 108 160 172
  19 163 173 173 173 173 173 153  24  36  38  38  33  17 171 172
  23 158 174 172 172 172 172 159  15  36  36  37  40  24 162 172
  69 141 173 173 160 138 159 165  26  34  38  91  72  49 152 172
 187 174 173 176 113  19  27  28  36  37  39 203 191 186 174 173
 171 172 172 176 124  21  38  39  39  38  35 180 172 171 171 171
 190 176 173 176 118  27  34  52  61  43  38 170 172 172 167 216
   7 144 173 172 179 196 202 214 193 196 183 173 172 173  63  39
  23 148 173 171 172 172 172 172 172 171 172 171 171 178  70  35
  36 158 190 191 193 194 196 195 188 192 188 167 169 179  68  22
  33  57  47  39  54  85  71  54  43  36  73 175 170 169 176 197
  37  36  37  37  37  37  37  39  40  40  34 181 171 170 170 170
 175 160 151 151 152 151 149 148 169 167 162 146 146 158  60  25
  45 128 148 148 150 149 149 144  52  53  54 149 147 148 135 153
  24 121 146 149 149 149 148 152  26  35  30 163 148 148 147 146
  26 130 148 150 150 149 148 146  32  35  29 162 151 149 148 148
  23 137 147 149 149 150 149 135  34  33  37 105 106  97 136 147
  18 143 148 150 149 149 149 139  24  30  32  31  28  13 148 146
  16 138 149 150 149 147 146 145  15  28  27  30  34  20 137 145
  57 122 147 147 144 122 140 158  26  33  35  83  64  43 133 148
 165 149 148 148 103  21  27  28  36  36  32 182 166 161 151 150
 149 150 149 151 114  23  37  36  36  37  27 153 147 148 148 149
 168 152 149 153 104  26  31  45  52  39  30 148 149 150 149 197
   7 127 146 147 154 174 180 199 172 170 156 150 149 152  57  36
  22 130 145 146 148 151 149 148 148 148 149 147 148 157  66  34
  34 144 167 174 169 167 167 171 170 174 167 143 146 158  65  24
  31  50  41  35  51  78  63  48  41  36  64 151 146 146 153 174
  32  30  35  36  36  35  33  34  31  33  29 155 146 147 148 146

  27 167 170 176 176 172 173 173 178 176 205  48  45  37 188 169
  66 155 175 174 166 171 161 158 179 178 162  62  71  74 169 171
 181 170 175 169 113  24  32  67 185 178 173 171 173 178 171 174
 176 174 175 169 117  41  44  91 186 179 179 179 173 171 175 175
 174 178 189 180 116  42  37 104 196 184 178 176 173 166 176 183
 183  79  45  38  44  36  35  47  35  39  50 178 175 183  84  42
 184  82  51  39  36  33  32  39  37  46  64 189 174 186  56  44
 188  72  33  32  34  23  15  32  36  43  72 189 173 180  56  40
 174 164 163 156 142 148 154 165  33  39  63 211 175 184  58  39
 177 175 174 174 173 173 171 159  38  44  54 199 173 184  75  38
 179 180 176 179 180 178 176 141  33  29  47 193 172 183  87  34
 178 182 179 179 180 180 177 167 117 126 128 177 174 188  62  33
 179 181 180 179 178 181 180 181 173 178 180 176 177 190  52  36
 180 180 177 176 173 177 180 181 179 179 176 176 176 182  59  38
 182 152 137 144 154 161 165 156 179 176 172 149 150 150  64  35
 192  65  29  31  33  26  31  84 187 174 184  24  30  37  34  33
  21 176 172 171 172 172 172 172 173 171 216  39  35  22 197 170
  65 156 171 171 160 171 162 152 174 171 167  63  70  68 176 170
 182 171 171 170 108  17  24  49 186 171 172 173 178 179 169 170
 172 173 172 174 117  33  40  72 191 172 172 172 171 169 170 171
 172 173 190 189 116  38  37  91 203 180 170 173 171 167 175 181
 187  62  34  37  40  38  36  38  39  35  38 183 172 188  73  34
 192  59  37  38  37  36  36  34  37  38  43 196 171 192  36  40
 198  61  28  32  34  24  15  26  36  39  61 193 172 188  43  40
 175 166 171 162 147 153 159 165  28  39  52 214 172 195  54  39
 173 172 174 174 173 173 172 159  27  38  34 202 172 196  71  37
 173 172 174 173 173 173 172 138  19  21  27 196 172 194  85  37
 173 172 173 173 173 173 172 160 113 124 118 179 172 193  54  37
 173 172 173 173 173 173 172 173 176 176 176 172 171 191  39  37
 172 174 175 172 174 173 174 173 173 172 173 173 173 190  47  37
 178 145 141 149 161 163 158 141 174 172 176 144 148 158  57  36
 190  48  26  28  26  19  23  69 187 171 190   7  23  36  33  37
  25 153 146 148 147 146 145 148 150 149 197  36  34  24 174 146
  60 135 147 148 136 148 137 133 151 148 149  57  66  65 153 148
 158 148 148 149  97  13  20  43 161 148 150 152 157 158 146 147
 146 147 148 151 106  28  34  64 166 147 149 149 148 146 146 146
 146 149 163 162 105  31  30  83 182 153 148 150 147 143 151 155
 162  54  30  29  37  32  27  35  32  27  30 156 149 167  64  29
 167  53  35  35  33  30  28  33  36  37  39 170 148 174  36  33
 169  52  26  32  34  24  15  26  36  36  52 172 148 170  41  31
 148 144 152 146 135 139 145 158  28  36  45 199 148 171  48  34
 149 149 148 148 149 149 146 140  27  37  31 180 149 167  63  33
 151 149 149 149 150 149 147 122  21  23  26 174 151 167  78  35
 152 150 149 150 149 149 149 144 103 114 104 154 148 169  51  36
 151 148 149 150 149 150 150 147 148 151 153 147 146 174  35  36
 151 148 146 148 147 148 149 147 148 149 149 146 145 167  41  35
 160 128 121 130 137 143 138 122 149 150 152 127 130 144  50  30
 175  45  24  26  23  18  16  57 165 149 168   7  22  34  31  32

 169 171 174 175 183  42  44  40  39  38  34  33  36  38  35  33
 188 169 171 175 176  84  56  56  58  75  87  62  52  59  64  34
  37  74 178 171 166 183 186 180 184 184 183 188 190 182 150  37
  45  71 173 173 173 175 174 173 175 173 172 174 177 176 150  30
  48  62 171 179 176 178 189 189 211 199 193 177 176 176 149  24
 205 162 173 179 178  50  64  72  63  54  47 128 180 176 172 184
 176 178 178 179 184  39  46  43  39  44  29 126 178 179 176 174
 178 179 185 186 196  35  37  36  33  38  33 117 173 179 179 187
 173 158  67  91 104  47  39  32 165 159 141 167 181 181 156  84
 173 161  32  44  37  35  32  15 154 171 176 177 180 180 165  31
 172 171  24  41  42  36  33  23 148 173 178 180 181 177 161  26
 176 166 113 117 116  44  36  34 142 173 180 180 178 173 154  33
 176 174 169 169 180  38  39  32 156 174 179 179 179 176 144  31
 170 175 175 175 189  45  51  33 163 174 176 179 180 177 137  29
 167 155 170 174 178  79  82  72 164 175 180 182 181 180 152  65
  27  66 181 176 174 183 184 188 174 177 179 178 179 180 182 192
 170 170 170 171 181  34  40  40  39  37  37  37  37  37  36  37
 197 176 169 170 175  73  36  43  54  71  85  54  39  47  57  33
  22  68 179 169 167 188 192 188 195 196 194 193 191 190 158  36
  35  70 178 171 171 172 171 172 172 172 172 172 171 173 148  23
  39  63 173 172 173 183 196 193 214 202 196 179 172 173 144   7
 216 167 172 172 170  38  43  61  52  34  27 118 176 173 176 190
 171 171 171 172 180  35  38  39  39  38  21 124 176 172 172 171
 173 174 186 191 203  39  37  36  28  27  19 113 176 173 174 187
 172 152  49  72  91  38  34  26 165 159 138 160 173 173 141  69
 172 162  24  40  37  36  36  15 159 172 172 172 172 174 158  23
 172 171  17  33  38  38  36  24 153 173 173 173 173 173 163  19
 172 160 108 117 116  40  37  34 147 173 173 173 173 174 161  26
 171 171 170 174 189  37  38  32 162 174 173 173 173 172 149  28
 172 171 171 172 190  34  37  28 171 174 174 173 173 175 141  26
 176 156 171 173 173  62  59  61 166 172 172 172 172 174 145  48
  21  65 182 172 172 187 192 198 175 173 173 173 173 172 178 190
 146 148 147 146 155  29  33  31  34  33  35  36  36  35  30  32
 174 153 146 146 151  64  36  41  48  63  78  51  35  41  50  31
  24  65 158 146 143 167 174 170 171 167 167 169 174 167 144  34
  34  66 157 148 147 149 148 148 148 149 151 148 146 145 130  22
  36  57 152 149 150 156 170 172 199 180 174 154 147 146 127   7
 197 149 150 149 148  30  39  52  45  31  26 104 153 149 152 168
 149 148 148 147 153  27  37  36  36  37  23 114 151 149 150 149
 150 151 161 166 182  32  36  36  28  27  21 103 148 148 149 165
 148 133  43  64  83  35  33  26 158 140 122 144 147 147 122  57
 145 137  20  34  30  27  28  15 145 146 147 149 150 149 138  16
 146 148  13  28  31  32  30  24 139 149 149 149 150 148 143  18
 147 136  97 106 105  37  33  34 135 149 150 149 149 147 137  23
 148 148 149 151 162  29  35  32 146 148 149 150 150 148 130  26
 146 147 148 148 163  30  35  26 152 148 149 149 149 146 121  24
 153 135 148 147 149  54  53  52 144 149 149 150 148 148 128  45
  25  60 158 146 146 162 167 169 148 149 151 152 151 151 160 175

