  31  33  36  44 184 188  59 168 172  87  42  36  42  34  40  59
  34  33  34  38 182 177  46  88 181 159  49  53  80 132 174 188
  32  34  30  35 169 172  50  35 132 184 162 172 183 191 165 137
  35  35  34  49 169 185  44  45  49 170 186 168 118  88  40 103
  41  32  50  94 180 182  37  36  25  38  42  19  25  40  87 176
  99 155 181 190 183 107  31  34  30  28  33  35  36  46 168 180
 185 180 170 106  65  31  34  32  30  31  31  32  31 155 184 104
 123  60  35  32  37  33  33  30  29  31  31  36  66 190 149  32
 147 105  83  48  31  35  35  31  30  31  30  38  86 181 156  45
 177 184 187 156 121  53  40  34  33  29  29  31  30 121 180 115
  42  82 152 170 183 129  29  39  33  32  26  35  39  46 178 173
  28  23  26  64 194 163  37  40  38  99  84  57  45  38  78 180
  30  34  42  53 201 145  39  38 121 198 180 182 158 123  80 132
  30  33  40  50 193 130  34  88 183 168  83 142 174 185 175 168
  30  33  37  74 202 134  62 185 181  58  21  26  39  82 137 163
  27  34  41  83 198 132 150 182  76  24  31  30  28  28  17  30
  35  36  36  24 196 200  36 178 177  80  32  36  37  29  39  53
  36  35  36  16 194 186  24  86 189 162  32  47  80 131 176 187
  34  35  38  18 179 179  29  25 131 191 154 172 189 197 170 136
  32  35  37  35 179 200  17  35  45 179 193 177 123  89  32 106
  33  30  47  84 190 195  20  36  27  48  47  23  25  31  76 184
  95 155 181 192 190 108  27  37  36  35  34  36  37  37 172 190
 185 188 175 115  69  33  36  33  34  32  33  34  26 156 192 107
 123  64  32  32  36  36  34  32  33  33  34  37  52 195 152  28
 142 103  76  48  26  35  34  33  32  33  33  37  75 185 158  38
 184 192 181 157 122  49  35  35  33  31  34  35  26 121 186 114
  48  94 161 173 191 124  22  37  33  29  28  35  34  36 183 175
  28  25  24  56 202 163  26  33  32 100  87  52  39  23  75 186
  31  33  35  39 206 143  26  27 114 205 183 174 160 111  75 132
  31  33  34  33 201 129  20  80 187 172  86 148 185 178 174 157
  31  32  34  58 218 136  45 192 192  59  21  29  44  83 144 166
  33  32  34  70 213 116 145 192  79  24  31  31  29  26  23  38
  29  31  34  24 175 181  32 157 149  71  28  34  37  27  34  48
  29  32  34  15 171 164  20  77 163 144  26  40  70 112 148 159
  29  34  34  17 157 155  25  23 121 167 130 148 165 170 146 118
  32  34  33  33 156 175  14  33  44 162 170 163 116  82  32  90
  31  29  39  73 161 170  14  32  26  45  46  22  26  31  66 156
  85 137 155 168 169 102  22  31  29  31  34  33  32  33 147 165
 160 164 154 109  64  30  31  30  27  30  31  31  25 135 166 101
 101  56  30  31  34  31  32  30  27  29  29  29  50 170 130  26
 114  87  66  38  22  31  32  29  28  28  28  26  70 163 133  31
 166 164 155 128 103  44  33  28  27  30  28  26  24 115 158  99
  48  89 148 148 159 109  19  30  31  28  25  33  33  38 165 153
  30  27  27  55 181 150  24  29  29  87  74  47  37  24  72 161
  31  32  35  36 182 129  23  23  98 175 161 149 134  98  67 111
  31  32  33  29 177 115  20  68 160 155  81 135 165 155 148 131
  29  32  33  53 192 119  38 164 171  58  24  31  47  80 134 148
  26  30  32  63 190  99 122 168  73  24  31  31  31  27  28  41

  59 188 137 103 176 180 104  32  45 115 173 180 132 168 163  30
  40 174 165  40  87 168 184 149 156 180 178  78  80 175 137  17
  34 132 191  88  40  46 155 190 181 121  46  38 123 185  82  28
  42  80 183 118  25  36  31  66  86  30  39  45 158 174  39  28
  36  53 172 168  19  35  32  36  38  31  35  57 182 142  26  30
  42  49 162 186  42  33  31  31  30  29  26  84 180  83  21  31
  87 159 184 170  38  28  31  31  31  29  32  99 198 168  58  24
 172 181 132  49  25  30  30  29  30  33  33  38 121 183 181  76
 168  88  35  45  36  34  32  30  31  34  39  40  38  88 185 182
  59  46  50  44  37  31  34  33  35  40  29  37  39  34  62 150
 188 177 172 185 182 107  31  33  35  53 129 163 145 130 134 132
 184 182 169 169 180 183  65  37  31 121 183 194 201 193 202 198
  44  38  35  49  94 190 106  32  48 156 170  64  53  50  74  83
  36  34  30  34  50 181 170  35  83 187 152  26  42  40  37  41
  33  33  34  35  32 155 180  60 105 184  82  23  34  33  33  34
  31  34  32  35  41  99 185 123 147 177  42  28  30  30  30  27
  53 187 136 106 184 190 107  28  38 114 175 186 132 157 166  38
  39 176 170  32  76 172 192 152 158 186 183  75  75 174 144  23
  29 131 197  89  31  37 156 195 185 121  36  23 111 178  83  26
  37  80 189 123  25  37  26  52  75  26  34  39 160 185  44  29
  36  47 172 177  23  36  34  37  37  35  35  52 174 148  29  31
  32  32 154 193  47  34  33  34  33  34  28  87 183  86  21  31
  80 162 191 179  48  35  32  33  33  31  29 100 205 172  59  24
 177 189 131  45  27  36  34  33  32  33  33  32 114 187 192  79
 178  86  25  35  36  37  33  32  33  35  37  33  27  80 192 192
  36  24  29  17  20  27  36  34  34  35  22  26  26  20  45 145
 200 186 179 200 195 108  33  36  35  49 124 163 143 129 136 116
 196 194 179 179 190 190  69  36  26 122 191 202 206 201 218 213
  24  16  18  35  84 192 115  32  48 157 173  56  39  33  58  70
  36  36  38  37  47 181 175  32  76 181 161  24  35  34  34  34
  36  35  35  35  30 155 188  64 103 192  94  25  33  33  32  32
  35  36  34  32  33  95 185 123 142 184  48  28  31  31  31  33
  48 159 118  90 156 165 101  26  31  99 153 161 111 131 148  41
  34 148 146  32  66 147 166 130 133 158 165  72  67 148 134  28
  27 112 170  82  31  33 135 170 163 115  38  24  98 155  80  27
  37  70 165 116  26  32  25  50  70  24  33  37 134 165  47  31
  34  40 148 163  22  33  31  29  26  26  33  47 149 135  31  31
  28  26 130 170  46  34  31  29  28  28  25  74 161  81  24  31
  71 144 167 162  45  31  30  29  28  30  28  87 175 155  58  24
 149 163 121  44  26  29  27  27  28  27  31  29  98 160 171  73
 157  77  23  33  32  31  30  30  29  28  30  29  23  68 164 168
  32  20  25  14  14  22  31  32  32  33  19  24  23  20  38 122
 181 164 155 175 170 102  30  31  31  44 109 150 129 115 119  99
 175 171 157 156 161 169  64  34  22 103 159 181 182 177 192 190
  24  15  17  33  73 168 109  31  38 128 148  55  36  29  53  63
  34  34  34  33  39 155 154  30  66 155 148  27  35  33  33  32
  31  32  34  34  29 137 164  56  87 164  89  27  32  32  32  30
  29  29  29  32  31  85 160 101 114 166  48  30  31  31  29  26

  30  17  28  28  30  31  24  76 182 150 132 198  83  41  34  27
 163 137  82  39  26  21  58 181 185  62 134 202  74  37  33  30
 168 175 185 174 142  83 168 183  88  34 130 193  50  40  33  30
 132  80 123 158 182 180 198 121  38  39 145 201  53  42  34  30
 180  78  38  45  57  84  99  38  40  37 163 194  64  26  23  28
 173 178  46  39  35  26  32  33  39  29 129 183 170 152  82  42
 115 180 121  30  31  29  29  33  34  40  53 121 156 187 184 177
  45 156 181  86  38  30  31  30  31  35  35  31  48  83 105 147
  32 149 190  66  36  31  31  29  30  33  33  37  32  35  60 123
 104 184 155  31  32  31  31  30  32  34  31  65 106 170 180 185
 180 168  46  36  35  33  28  30  34  31 107 183 190 181 155  99
 176  87  40  25  19  42  38  25  36  37 182 180  94  50  32  41
 103  40  88 118 168 186 170  49  45  44 185 169  49  34  35  35
 137 165 191 183 172 162 184 132  35  50 172 169  35  30  34  32
 188 174 132  80  53  49 159 181  88  46 177 182  38  34  33  34
  59  40  34  42  36  42  87 172 168  59 188 184  44  36  33  31
  38  23  26  29  31  31  24  79 192 145 116 213  70  34  32  33
 166 144  83  44  29  21  59 192 192  45 136 218  58  34  32  31
 157 174 178 185 148  86 172 187  80  20 129 201  33  34  33  31
 132  75 111 160 174 183 205 114  27  26 143 206  39  35  33  31
 186  75  23  39  52  87 100  32  33  26 163 202  56  24  25  28
 175 183  36  34  35  28  29  33  37  22 124 191 173 161  94  48
 114 186 121  26  35  34  31  33  35  35  49 122 157 181 192 184
  38 158 185  75  37  33  33  32  33  34  35  26  48  76 103 142
  28 152 195  52  37  34  33  33  32  34  36  36  32  32  64 123
 107 192 156  26  34  33  32  34  33  36  33  69 115 175 188 185
 190 172  37  37  36  34  35  36  37  27 108 190 192 181 155  95
 184  76  31  25  23  47  48  27  36  20 195 190  84  47  30  33
 106  32  89 123 177 193 179  45  35  17 200 179  35  37  35  32
 136 170 197 189 172 154 191 131  25  29 179 179  18  38  35  34
 187 176 131  80  47  32 162 189  86  24 186 194  16  36  35  36
  53  39  29  37  36  32  80 177 178  36 200 196  24  36  36  35
  41  28  27  31  31  31  24  73 168 122  99 190  63  32  30  26
 148 134  80  47  31  24  58 171 164  38 119 192  53  33  32  29
 131 148 155 165 135  81 155 160  68  20 115 177  29  33  32  31
 111  67  98 134 149 161 175  98  23  23 129 182  36  35  32  31
 161  72  24  37  47  74  87  29  29  24 150 181  55  27  27  30
 153 165  38  33  33  25  28  31  30  19 109 159 148 148  89  48
  99 158 115  24  26  28  30  27  28  33  44 103 128 155 164 166
  31 133 163  70  26  28  28  28  29  32  31  22  38  66  87 114
  26 130 170  50  29  29  29  27  30  32  31  34  31  30  56 101
 101 166 135  25  31  31  30  27  30  31  30  64 109 154 164 160
 165 147  33  32  33  34  31  29  31  22 102 169 168 155 137  85
 156  66  31  26  22  46  45  26  32  14 170 161  73  39  29  31
  90  32  82 116 163 170 162  44  33  14 175 156  33  33  34  32
 118 146 170 165 148 130 167 121  23  25 155 157  17  34  34  29
 159 148 112  70  40  26 144 163  77  20 164 171  15  34  32  29
  48  34  27  37  34  28  71 149 157  32 181 175  24  34  31  29

  27  30  30  30  28  42 177 147 123 185  99  41  35  32  34  31
  34  33  33  34  23  82 184 105  60 180 155  32  35  34  33  33
  41  37  40  42  26 152 187  83  35 170 181  50  34  30  34  36
  83  74  50  53  64 170 156  48  32 106 190  94  49  35  38  44
 198 202 193 201 194 183 121  31  37  65 183 180 169 169 182 184
 132 134 130 145 163 129  53  35  33  31 107 182 185 172 177 188
 150  62  34  39  37  29  40  35  33  34  31  37  44  50  46  59
 182 185  88  38  40  39  34  31  30  32  34  36  45  35  88 168
  76 181 183 121  38  33  33  30  29  30  30  25  49 132 181 172
  24  58 168 198  99  32  29  31  31  31  28  38 170 184 159  87
  31  21  83 180  84  26  29  30  31  31  33  42 186 162  49  42
  30  26 142 182  57  35  31  38  36  32  35  19 168 172  53  36
  28  39 174 158  45  39  30  86  66  31  36  25 118 183  80  42
  28  82 185 123  38  46 121 181 190 155  46  40  88 191 132  34
  17 137 175  80  78 178 180 156 149 184 168  87  40 165 174  40
  30 163 168 132 180 173 115  45  32 104 180 176 103 137 188  59
  33  31  31  31  28  48 184 142 123 185  95  33  32  34  36  35
  32  32  33  33  25  94 192 103  64 188 155  30  35  35  35  36
  34  34  34  35  24 161 181  76  32 175 181  47  37  38  36  36
  70  58  33  39  56 173 157  48  32 115 192  84  35  18  16  24
 213 218 201 206 202 191 122  26  36  69 190 190 179 179 194 196
 116 136 129 143 163 124  49  35  36  33 108 195 200 179 186 200
 145  45  20  26  26  22  35  34  34  36  27  20  17  29  24  36
 192 192  80  27  33  37  35  33  32  33  37  36  35  25  86 178
  79 192 187 114  32  33  33  32  33  34  36  27  45 131 189 177
  24  59 172 205 100  29  31  33  33  32  35  48 179 191 162  80
  31  21  86 183  87  28  34  33  34  33  34  47 193 154  32  32
  31  29 148 174  52  35  35  37  37  34  36  23 177 172  47  36
  29  44 185 160  39  34  26  75  52  26  37  25 123 189  80  37
  26  83 178 111  23  36 121 185 195 156  37  31  89 197 131  29
  23 144 174  75  75 183 186 158 152 192 172  76  32 170 176  39
  38 166 157 132 186 175 114  38  28 107 190 184 106 136 187  53
  26  29  31  31  30  48 166 114 101 160  85  31  32  29  29  29
  30  32  32  32  27  89 164  87  56 164 137  29  34  34  32  31
  32  33  33  35  27 148 155  66  30 154 155  39  33  34  34  34
  63  53  29  36  55 148 128  38  31 109 168  73  33  17  15  24
 190 192 177 182 181 159 103  22  34  64 169 161 156 157 171 175
  99 119 115 129 150 109  44  31  31  30 102 170 175 155 164 181
 122  38  20  23  24  19  33  32  32  31  22  14  14  25  20  32
 168 164  68  23  29  30  28  29  30  30  31  32  33  23  77 157
  73 171 160  98  29  31  27  28  27  27  29  26  44 121 163 149
  24  58 155 175  87  28  30  28  29  30  31  45 162 167 144  71
  31  24  81 161  74  25  28  28  29  31  34  46 170 130  26  28
  31  31 135 149  47  33  26  26  29  31  33  22 163 148  40  34
  31  47 165 134  37  33  24  70  50  25  32  26 116 165  70  37
  27  80 155  98  24  38 115 163 170 135  33  31  82 170 112  27
  28 134 148  67  72 165 158 133 130 166 147  66  32 146 148  34
  41 148 131 111 161 153  99  31  26 101 165 156  90 118 159  48

