 178 177 180 183 185 183 183 186 186 185 184 181 178 179 145  38
 141 156 180 183 182 184 184 184 184 184 183 160 172 173 132 110
  25 107 181 180 181 183 184 183 182 182 187  96  38  33 101 194
  31 111 181 181 181 183 183 183 182 183 183  98  46  36 100 186
  18 111 184 182 183 204 211 198 184 186 184  94  46  50 125 186
  20 111 182 183 186  47  51  50 169 182 183 183 201 199 186 183
  29 108 180 179 185  34  41  40 158 179 183 183 184 184 184 182
  24 117 209 193 194  33  40  47 176 195 201 201 203 204 200 199
  35  54  76  76  80  39  39  41  84  91  86  62  67  68  70  68
  41  42  43  46  43  35  35  37  39  40  41  40  37  42  43  42
  39  36  37  37  38  34  33  34  32  33  35  36  32  32  31  30
 152 130  41  38  32  31  34  47 149 163 161  92  34  33  29  29
 176 158  34  37  34  33  35  23 163 174 179 107  32  34  26  23
 181 160  42  49  46  45  43  29 165 174 178 105  29  28  26  28
 183 163 101 122 119 119 117 113 137 144 149  89  30  29  28  28
 187 188 197 198 199 199 198 207  65  36  34  37  35  32  31  33
 177 178 179 180 180 181 181 180 180 180 181 180 178 183 150  35
 138 158 180 181 180 181 181 181 181 181 181 160 177 179 128 110
  18 109 185 180 180 181 181 182 182 182 189  93  27  26 102 204
  32 116 184 179 181 181 180 180 181 182 189 100  39  35 103 192
  22 118 186 179 187 212 220 205 183 180 183  86  30  32 118 184
  24 119 186 180 176  25  33  43 170 180 181 189 210 206 189 180
  29 114 184 177 182  28  43  46 171 180 179 179 179 180 181 181
  28 129 218 206 200  33  39  51 188 207 208 206 205 205 205 204
  36  51  71  69  73  37  39  40  82  89  77  48  52  51  57  55
  37  40  42  41  39  38  40  40  42  43  41  42  40  42  41  39
  28  32  38  37  37  36  36  35  31  31  31  34  36  38  37  36
 145 123  35  37  36  37  36  51 152 161 159  94  33  37  34  34
 177 161  26  38  37  37  37  26 172 180 189 114  27  35  36  37
 181 158  30  44  42  44  43  29 174 180 187 113  27  36  37  37
 182 157  89 110 109 108 104 104 140 143 150  93  31  35  35  36
 181 186 197 199 198 199 201 214  59  19  18  29  35  35  35  35
 157 157 158 158 157 156 156 156 156 156 155 154 154 155 132  33
 127 142 157 157 156 156 156 157 157 156 154 136 154 156 115  99
  18 102 163 157 157 158 156 155 155 158 165  82  24  25  97 182
  33 110 164 158 157 156 157 157 156 154 158  85  36  34  98 169
  26 113 163 155 162 193 205 184 159 155 153  76  31  33 108 162
  31 114 165 154 154  20  29  36 150 154 155 166 189 187 167 157
  33 107 164 154 162  25  41  42 152 155 156 158 156 156 158 157
  29 122 205 184 181  28  38  47 172 182 187 186 184 185 186 185
  34  46  59  57  63  31  36  36  77  82  74  44  47  47  51  51
  34  34  30  29  30  33  35  35  32  33  36  38  37  33  34  34
  22  26  33  35  35  33  33  34  29  25  24  30  33  33  33  34
 142 117  33  36  35  33  34  46 141 149 146  82  28  31  30  33
 152 141  25  34  32  33  35  26 155 155 160 100  27  33  31  32
 155 138  28  35  31  30  34  26 154 154 160  99  27  33  31  33
 151 133  74 102 102 101  97  98 128 132 137  86  31  31  29  30
 155 162 179 183 182 183 179 189  51  18  18  28  35  31  30  31

  38 110 194 186 186 183 182 199  68  42  30  29  23  28  28  33
 145 132 101 100 125 186 184 200  70  43  31  29  26  26  28  31
 179 173  33  36  50 199 184 204  68  42  32  33  34  28  29  32
 178 172  38  46  46 201 184 203  67  37  32  34  32  29  30  35
 181 160  96  98  94 183 183 201  62  40  36  92 107 105  89  37
 184 183 187 183 184 183 183 201  86  41  35 161 179 178 149  34
 185 184 182 183 186 182 179 195  91  40  33 163 174 174 144  36
 186 184 182 182 184 169 158 176  84  39  32 149 163 165 137  65
 186 184 183 183 198  50  40  47  41  37  34  47  23  29 113 207
 183 184 184 183 211  51  41  40  39  35  33  34  35  43 117 198
 183 184 183 183 204  47  34  33  39  35  34  31  33  45 119 199
 185 182 181 181 183 186 185 194  80  43  38  32  34  46 119 199
 183 183 180 181 182 183 179 193  76  46  37  38  37  49 122 198
 180 180 181 181 184 182 180 209  76  43  37  41  34  42 101 197
 177 156 107 111 111 111 108 117  54  42  36 130 158 160 163 188
 178 141  25  31  18  20  29  24  35  41  39 152 176 181 183 187
  35 110 204 192 184 180 181 204  55  39  36  34  37  37  36  35
 150 128 102 103 118 189 181 205  57  41  37  34  36  37  35  35
 183 179  26  35  32 206 180 205  51  42  38  37  35  36  35  35
 178 177  27  39  30 210 179 205  52  40  36  33  27  27  31  35
 180 160  93 100  86 189 179 206  48  42  34  94 114 113  93  29
 181 181 189 189 183 181 179 208  77  41  31 159 189 187 150  18
 180 181 182 182 180 180 180 207  89  43  31 161 180 180 143  19
 180 181 182 181 183 170 171 188  82  42  31 152 172 174 140  59
 180 181 182 180 205  43  46  51  40  40  35  51  26  29 104 214
 181 181 181 180 220  33  43  39  39  40  36  36  37  43 104 201
 181 181 181 181 212  25  28  33  37  38  36  37  37  44 108 199
 180 180 180 181 187 176 182 200  73  39  37  36  37  42 109 198
 180 181 180 179 179 180 177 206  69  41  37  37  38  44 110 199
 179 180 185 184 186 186 184 218  71  42  38  35  26  30  89 197
 178 158 109 116 118 119 114 129  51  40  32 123 161 158 157 186
 177 138  18  32  22  24  29  28  36  37  28 145 177 181 182 181
  33  99 182 169 162 157 157 185  51  34  34  33  32  33  30  31
 132 115  97  98 108 167 158 186  51  34  33  30  31  31  29  30
 155 156  25  34  33 187 156 185  47  33  33  31  33  33  31  31
 154 154  24  36  31 189 156 184  47  37  33  28  27  27  31  35
 154 136  82  85  76 166 158 186  44  38  30  82 100  99  86  28
 155 154 165 158 153 155 156 187  74  36  24 146 160 160 137  18
 156 156 158 154 155 154 155 182  82  33  25 149 155 154 132  18
 156 157 155 156 159 150 152 172  77  32  29 141 155 154 128  51
 156 157 155 157 184  36  42  47  36  35  34  46  26  26  98 189
 156 156 156 157 205  29  41  38  36  35  33  34  35  34  97 179
 156 156 158 156 193  20  25  28  31  33  33  33  33  30 101 183
 157 156 157 157 162 154 162 181  63  30  35  35  32  31 102 182
 158 157 157 158 155 154 154 184  57  29  35  36  34  35 102 183
 158 157 163 164 163 165 164 205  59  30  33  33  25  28  74 179
 157 142 102 110 113 114 107 122  46  34  26 117 141 138 133 162
 157 127  18  33  26  31  33  29  34  34  22 142 152 155 151 155

  33  31  32  35  37  34  36  65 207 198 199 199 198 197 188 187
  28  28  29  30  89 149 144 137 113 117 119 119 122 101 163 183
  28  26  28  29 105 178 174 165  29  43  45  46  49  42 160 181
  23  26  34  32 107 179 174 163  23  35  33  34  37  34 158 176
  29  29  33  34  92 161 163 149  47  34  31  32  38  41 130 152
  30  31  32  32  36  35  33  32  34  33  34  38  37  37  36  39
  42  43  42  37  40  41  40  39  37  35  35  43  46  43  42  41
  68  70  68  67  62  86  91  84  41  39  39  80  76  76  54  35
 199 200 204 203 201 201 195 176  47  40  33 194 193 209 117  24
 182 184 184 184 183 183 179 158  40  41  34 185 179 180 108  29
 183 186 199 201 183 183 182 169  50  51  47 186 183 182 111  20
 186 125  50  46  94 184 186 184 198 211 204 183 182 184 111  18
 186 100  36  46  98 183 183 182 183 183 183 181 181 181 111  31
 194 101  33  38  96 187 182 182 183 184 183 181 180 181 107  25
 110 132 173 172 160 183 184 184 184 184 184 182 183 180 156 141
  38 145 179 178 181 184 185 186 186 183 183 185 183 180 177 178
  35  35  35  35  29  18  19  59 214 201 199 198 199 197 186 181
  36  35  35  31  93 150 143 140 104 104 108 109 110  89 157 182
  37  37  36  27 113 187 180 174  29  43  44  42  44  30 158 181
  37  36  35  27 114 189 180 172  26  37  37  37  38  26 161 177
  34  34  37  33  94 159 161 152  51  36  37  36  37  35 123 145
  36  37  38  36  34  31  31  31  35  36  36  37  37  38  32  28
  39  41  42  40  42  41  43  42  40  40  38  39  41  42  40  37
  55  57  51  52  48  77  89  82  40  39  37  73  69  71  51  36
 204 205 205 205 206 208 207 188  51  39  33 200 206 218 129  28
 181 181 180 179 179 179 180 171  46  43  28 182 177 184 114  29
 180 189 206 210 189 181 180 170  43  33  25 176 180 186 119  24
 184 118  32  30  86 183 180 183 205 220 212 187 179 186 118  22
 192 103  35  39 100 189 182 181 180 180 181 181 179 184 116  32
 204 102  26  27  93 189 182 182 182 181 181 180 180 185 109  18
 110 128 179 177 160 181 181 181 181 181 181 180 181 180 158 138
  35 150 183 178 180 181 180 180 180 181 181 180 180 179 178 177
  31  30  31  35  28  18  18  51 189 179 183 182 183 179 162 155
  30  29  31  31  86 137 132 128  98  97 101 102 102  74 133 151
  33  31  33  27  99 160 154 154  26  34  30  31  35  28 138 155
  32  31  33  27 100 160 155 155  26  35  33  32  34  25 141 152
  33  30  31  28  82 146 149 141  46  34  33  35  36  33 117 142
  34  33  33  33  30  24  25  29  34  33  33  35  35  33  26  22
  34  34  33  37  38  36  33  32  35  35  33  30  29  30  34  34
  51  51  47  47  44  74  82  77  36  36  31  63  57  59  46  34
 185 186 185 184 186 187 182 172  47  38  28 181 184 205 122  29
 157 158 156 156 158 156 155 152  42  41  25 162 154 164 107  33
 157 167 187 189 166 155 154 150  36  29  20 154 154 165 114  31
 162 108  33  31  76 153 155 159 184 205 193 162 155 163 113  26
 169  98  34  36  85 158 154 156 157 157 156 157 158 164 110  33
 182  97  25  24  82 165 158 155 155 156 158 157 157 163 102  18
  99 115 156 154 136 154 156 157 157 156 156 156 157 157 142 127
  33 132 155 154 154 155 156 156 156 156 156 157 158 158 157 157

 187 183 181 176 152  39  41  35  24  29  20  18  31  25 141 178
 188 163 160 158 130  36  42  54 117 108 111 111 111 107 156 177
 197 101  42  34  41  37  43  76 209 180 182 184 181 181 180 180
 198 122  49  37  38  37  46  76 193 179 183 182 181 180 183 183
 199 119  46  34  32  38  43  80 194 185 186 183 181 181 182 185
 199 119  45  33  31  34  35  39  33  34  47 204 183 183 184 183
 198 117  43  35  34  33  35  39  40  41  51 211 183 184 184 183
 207 113  29  23  47  34  37  41  47  40  50 198 183 183 184 186
  65 137 165 163 149  32  39  84 176 158 169 184 182 182 184 186
  36 144 174 174 163  33  40  91 195 179 182 186 183 182 184 185
  34 149 178 179 161  35  41  86 201 183 183 184 183 187 183 184
  37  89 105 107  92  36  40  62 201 183 183  94  98  96 160 181
  35  30  29  32  34  32  37  67 203 184 201  46  46  38 172 178
  32  29  28  34  33  32  42  68 204 184 199  50  36  33 173 179
  31  28  26  26  29  31  43  70 200 184 186 125 100 101 132 145
  33  28  28  23  29  30  42  68 199 182 183 186 186 194 110  38
 181 182 181 177 145  28  37  36  28  29  24  22  32  18 138 177
 186 157 158 161 123  32  40  51 129 114 119 118 116 109 158 178
 197  89  30  26  35  38  42  71 218 184 186 186 184 185 180 179
 199 110  44  38  37  37  41  69 206 177 180 179 179 180 181 180
 198 109  42  37  36  37  39  73 200 182 176 187 181 180 180 180
 199 108  44  37  37  36  38  37  33  28  25 212 181 181 181 181
 201 104  43  37  36  36  40  39  39  43  33 220 180 181 181 181
 214 104  29  26  51  35  40  40  51  46  43 205 180 182 181 180
  59 140 174 172 152  31  42  82 188 171 170 183 181 182 181 180
  19 143 180 180 161  31  43  89 207 180 180 180 182 182 181 180
  18 150 187 189 159  31  41  77 208 179 181 183 189 189 181 181
  29  93 113 114  94  34  42  48 206 179 189  86 100  93 160 180
  35  31  27  27  33  36  40  52 205 179 210  30  39  27 177 178
  35  35  36  35  37  38  42  51 205 180 206  32  35  26 179 183
  35  35  37  36  34  37  41  57 205 181 189 118 103 102 128 150
  35  36  37  37  34  36  39  55 204 181 180 184 192 204 110  35
 155 151 155 152 142  22  34  34  29  33  31  26  33  18 127 157
 162 133 138 141 117  26  34  46 122 107 114 113 110 102 142 157
 179  74  28  25  33  33  30  59 205 164 165 163 164 163 157 158
 183 102  35  34  36  35  29  57 184 154 154 155 158 157 157 158
 182 102  31  32  35  35  30  63 181 162 154 162 157 157 156 157
 183 101  30  33  33  33  33  31  28  25  20 193 156 158 156 156
 179  97  34  35  34  33  35  36  38  41  29 205 157 156 156 156
 189  98  26  26  46  34  35  36  47  42  36 184 157 155 157 156
  51 128 154 155 141  29  32  77 172 152 150 159 156 155 157 156
  18 132 154 155 149  25  33  82 182 155 154 155 154 158 156 156
  18 137 160 160 146  24  36  74 187 156 155 153 158 165 154 155
  28  86  99 100  82  30  38  44 186 158 166  76  85  82 136 154
  35  31  27  27  28  33  37  47 184 156 189  31  36  24 154 154
  31  31  33  33  31  33  33  47 185 156 187  33  34  25 156 155
  30  29  31  31  30  33  34  51 186 158 167 108  98  97 115 132
  31  30  33  32  33  34  34  51 185 157 157 162 169 182  99  33

