  38  44  41  38  39  48  38  43  35  35  39  36  29  29  32  34
  34  88 176 182 183 175 121  34  31  31  33  38  31  31  33  34
  41 102 186 182 183 188 128  35  34  34  32  35  34  33  34  35
  42 110 189 182 184 183 115  40  33  37  36  31  34  36  33  37
  35  97 179 178 181 181 111  37  34  40  41  33  37  39  21  29
  33  83 154 164 166 159 100  36  35  38  39  38  35 106 149 156
  34  35  35  32  18  19  41  38  34  35  35  38  36 144 191 194
  33  35  36  41  38  40  37  34  34  33  33  35  35 142 187 193
  35  36  39  38  35  36  36  36  34  32  32  35  33 131 183 189
  37  59  90  96  93  95  63  41  34  32  38  35  33 151 177 187
  38 121 188 190 192 196 118  39  32  35  40  34  34  49  65  64
  40 125 186 188 191 187 102  35  35  37  38  33  33  37  38  36
  38 118 180 188 188 190 104  37  42  38  37  32  34  37  36  36
  36 113 179 182 185 190 101  43  43  35  35  31  35  35  37  38
  44  69  92  96 100 108  67  42  38  31  32  30  38  32  36  37
  47  40  35  36  37  28  48  55  37  31  30  34  37  34  36  34
  42  45  47  34  40  46  38  45  38  36  36  36  36  38  36  38
  34  82 188 187 190 183 121  28  37  36  34  35  35  36  37  38
  35  93 194 183 184 197 131  28  38  37  35  35  38  37  38  38
  40 112 197 182 183 190 114  31  38  37  37  35  37  36  38  38
  36 100 193 183 183 188 110  30  38  36  37  36  36  34  21  28
  35  84 164 172 172 172 103  34  35  36  36  37  30 100 149 153
  39  35  34  29  19  23  40  39  35  37  36  37  30 145 194 190
  38  37  38  38  37  37  39  40  38  37  37  39  24 143 191 187
  38  39  38  31  30  35  38  39  37  35  36  39  21 134 186 185
  38  56  93  94  92  97  60  41  36  35  36  36  26 154 185 194
  34 111 194 188 192 203 111  37  35  36  36  35  34  52  71  67
  35 123 188 181 183 191  96  33  39  37  37  37  36  38  39  33
  34 114 185 181 182 195 102  30  39  37  39  36  36  38  39  38
  31 110 189 183 185 200 101  38  38  38  37  34  36  37  37  37
  36  70  97 100 105 119  65  41  37  37  36  32  34  39  37  37
  47  38  32  30  32  28  53  58  37  35  34  34  34  35  36  35
  33  37  39  25  35  40  32  38  32  29  33  34  29  27  30  29
  28  69 160 153 158 159 109  21  26  26  31  30  30  27  30  29
  30  77 162 149 150 166 110  19  27  28  29  28  31  29  30  28
  32  91 163 150 151 155  95  23  30  31  30  29  30  30  30  31
  32  83 157 146 148 153  90  25  31  31  31  31  30  31  19  23
  27  76 143 149 148 149  86  29  30  30  32  31  23  91 126 127
  29  34  32  28  18  20  28  29  32  32  33  31  24 120 157 153
  32  34  32  32  35  35  30  26  30  31  31  29  20 117 156 153
  34  33  33  26  28  34  32  30  32  31  30  30  16 108 152 153
  33  44  73  74  75  81  47  29  33  30  28  31  23 132 155 162
  27  93 162 153 156 168  92  24  31  29  28  29  29  44  62  60
  25 102 157 150 150 154  78  22  31  32  31  32  30  31  34  31
  24  96 148 151 151 155  83  21  28  29  28  31  29  26  28  31
  23  96 153 150 156 167  83  30  27  27  30  31  28  23  27  27
  31  66  87  87  94 107  57  32  27  27  30  31  28  24  26  30
  35  37  31  29  31  27  43  46  29  27  28  29  28  27  28  30

  34  34  35  37  29 156 194 193 189 187  64  36  36  38  37  34
  32  33  34  33  21 149 191 187 183 177  65  38  36  37  36  36
  29  31  33  36  39 106 144 142 131 151  49  37  37  35  32  34
  29  31  34  34  37  35  36  35  33  33  34  33  34  35  38  37
  36  38  35  31  33  38  38  35  35  35  34  33  32  31  30  34
  39  33  32  36  41  39  35  33  32  38  40  38  37  35  32  30
  35  31  34  37  40  38  35  33  32  32  35  37  38  35  31  31
  35  31  34  33  34  35  34  34  34  34  32  35  42  43  38  37
  43  34  35  40  37  36  38  34  36  41  39  35  37  43  42  55
  38 121 128 115 111 100  41  37  36  63 118 102 104 101  67  48
  48 175 188 183 181 159  19  40  36  95 196 187 190 190 108  28
  39 183 183 184 181 166  18  38  35  93 192 191 188 185 100  37
  38 182 182 182 178 164  32  41  38  96 190 188 188 182  96  36
  41 176 186 189 179 154  35  36  39  90 188 186 180 179  92  35
  44  88 102 110  97  83  35  35  36  59 121 125 118 113  69  40
  38  34  41  42  35  33  34  33  35  37  38  40  38  36  44  47
  38  38  38  38  28 153 190 187 185 194  67  33  38  37  37  35
  36  37  38  38  21 149 194 191 186 185  71  39  39  37  37  36
  38  36  37  36  34 100 145 143 134 154  52  38  38  37  39  35
  36  35  38  37  36  30  30  24  21  26  34  36  36  36  34  34
  36  35  35  35  36  37  37  39  39  36  35  37  36  34  32  34
  36  34  35  37  37  36  36  37  36  36  36  37  39  37  36  34
  36  36  37  37  36  36  37  37  35  35  36  37  37  38  37  35
  38  37  38  38  38  35  35  38  37  36  35  39  39  38  37  37
  45  28  28  31  30  34  39  40  39  41  37  33  30  38  41  58
  38 121 131 114 110 103  40  39  38  60 111  96 102 101  65  53
  46 183 197 190 188 172  23  37  35  97 203 191 195 200 119  28
  40 190 184 183 183 172  19  37  30  92 192 183 182 185 105  32
  34 187 183 182 183 172  29  38  31  94 188 181 181 183 100  30
  47 188 194 197 193 164  34  38  38  93 194 188 185 189  97  32
  45  82  93 112 100  84  35  37  39  56 111 123 114 110  70  38
  42  34  35  40  36  35  39  38  38  38  34  35  34  31  36  47
  29  29  28  31  23 127 153 153 153 162  60  31  31  27  30  30
  30  30  30  30  19 126 157 156 152 155  62  34  28  27  26  28
  27  27  29  30  31  91 120 117 108 132  44  31  26  23  24  27
  29  30  31  30  30  23  24  20  16  23  29  30  29  28  28  28
  34  30  28  29  31  31  31  29  30  31  29  32  31  31  31  29
  33  31  29  30  31  32  33  31  30  28  28  31  28  30  30  28
  29  26  28  31  31  30  32  31  31  30  29  32  29  27  27  27
  32  26  27  30  31  30  32  30  32  33  31  31  28  27  27  29
  38  21  19  23  25  29  29  26  30  29  24  22  21  30  32  46
  32 109 110  95  90  86  28  30  32  47  92  78  83  83  57  43
  40 159 166 155 153 149  20  35  34  81 168 154 155 167 107  27
  35 158 150 151 148 148  18  35  28  75 156 150 151 156  94  31
  25 153 149 150 146 149  28  32  26  74 153 150 151 150  87  29
  39 160 162 163 157 143  32  32  33  73 162 157 148 153  87  31
  37  69  77  91  83  76  34  34  33  44  93 102  96  96  66  37
  33  28  30  32  32  27  29  32  34  33  27  25  24  23  31  35

  34  36  34  37  34  30  31  37  55  48  28  37  36  35  40  47
  37  36  32  38  30  32  31  38  42  67 108 100  96  92  69  44
  38  37  35  35  31  35  35  43  43 101 190 185 182 179 113  36
  36  36  37  34  32  37  38  42  37 104 190 188 188 180 118  38
  36  38  37  33  33  38  37  35  35 102 187 191 188 186 125  40
  64  65  49  34  34  40  35  32  39 118 196 192 190 188 121  38
 187 177 151  33  35  38  32  34  41  63  95  93  96  90  59  37
 189 183 131  33  35  32  32  34  36  36  36  35  38  39  36  35
 193 187 142  35  35  33  33  34  34  37  40  38  41  36  35  33
 194 191 144  36  38  35  35  34  38  41  19  18  32  35  35  34
 156 149 106  35  38  39  38  35  36 100 159 166 164 154  83  33
  29  21  39  37  33  41  40  34  37 111 181 181 178 179  97  35
  37  33  36  34  31  36  37  33  40 115 183 184 182 189 110  42
  35  34  33  34  35  32  34  34  35 128 188 183 182 186 102  41
  34  33  31  31  38  33  31  31  34 121 175 183 182 176  88  34
  34  32  29  29  36  39  35  35  43  38  48  39  38  41  44  38
  35  36  35  34  34  34  35  37  58  53  28  32  30  32  38  47
  37  37  39  34  32  36  37  37  41  65 119 105 100  97  70  36
  37  37  37  36  34  37  38  38  38 101 200 185 183 189 110  31
  38  39  38  36  36  39  37  39  30 102 195 182 181 185 114  34
  33  39  38  36  37  37  37  39  33  96 191 183 181 188 123  35
  67  71  52  34  35  36  36  35  37 111 203 192 188 194 111  34
 194 185 154  26  36  36  35  36  41  60  97  92  94  93  56  38
 185 186 134  21  39  36  35  37  39  38  35  30  31  38  39  38
 187 191 143  24  39  37  37  38  40  39  37  37  38  38  37  38
 190 194 145  30  37  36  37  35  39  40  23  19  29  34  35  39
 153 149 100  30  37  36  36  35  34 103 172 172 172 164  84  35
  28  21  34  36  36  37  36  38  30 110 188 183 183 193 100  36
  38  38  36  37  35  37  37  38  31 114 190 183 182 197 112  40
  38  38  37  38  35  35  37  38  28 131 197 184 183 194  93  35
  38  37  36  35  35  34  36  37  28 121 183 190 187 188  82  34
  38  36  38  36  36  36  36  38  45  38  46  40  34  47  45  42
  30  28  27  28  29  28  27  29  46  43  27  31  29  31  37  35
  30  26  24  28  31  30  27  27  32  57 107  94  87  87  66  31
  27  27  23  28  31  30  27  27  30  83 167 156 150 153  96  23
  31  28  26  29  31  28  29  28  21  83 155 151 151 148  96  24
  31  34  31  30  32  31  32  31  22  78 154 150 150 157 102  25
  60  62  44  29  29  28  29  31  24  92 168 156 153 162  93  27
 162 155 132  23  31  28  30  33  29  47  81  75  74  73  44  33
 153 152 108  16  30  30  31  32  30  32  34  28  26  33  33  34
 153 156 117  20  29  31  31  30  26  30  35  35  32  32  34  32
 153 157 120  24  31  33  32  32  29  28  20  18  28  32  34  29
 127 126  91  23  31  32  30  30  29  86 149 148 149 143  76  27
  23  19  31  30  31  31  31  31  25  90 153 148 146 157  83  32
  31  30  30  30  29  30  31  30  23  95 155 151 150 163  91  32
  28  30  29  31  28  29  28  27  19 110 166 150 149 162  77  30
  29  30  27  30  30  31  26  26  21 109 159 158 153 160  69  28
  29  30  27  29  34  33  29  32  38  32  40  35  25  39  37  33

  47  44  36  38  40  38  37  35  33  34  33  35  42  41  34  38
  40  69 113 118 125 121  59  36  35  35  83  97 110 102  88  44
  35  92 179 180 186 188  90  39  36  35 154 179 189 186 176  41
  36  96 182 188 188 190  96  38  41  32 164 178 182 182 182  38
  37 100 185 188 191 192  93  35  38  18 166 181 184 183 183  39
  28 108 190 190 187 196  95  36  40  19 159 181 183 188 175  48
  48  67 101 104 102 118  63  36  37  41 100 111 115 128 121  38
  55  42  43  37  35  39  41  36  34  38  36  37  40  35  34  43
  37  38  43  42  35  32  34  34  34  34  35  34  33  34  31  35
  31  31  35  38  37  35  32  32  33  35  38  40  37  34  31  35
  30  32  35  37  38  40  38  32  33  35  39  41  36  32  33  39
  34  30  31  32  33  34  35  35  35  38  38  33  31  35  38  36
  37  38  35  34  33  34  33  33  35  36  35  37  34  34  31  29
  34  32  35  37  37  49 151 131 142 144 106  39  36  33  31  29
  36  36  37  36  38  65 177 183 187 191 149  21  33  34  33  32
  34  37  38  36  36  64 187 189 193 194 156  29  37  35  34  34
  47  36  31  34  35  34  38  38  38  39  35  36  40  35  34  42
  38  70 110 114 123 111  56  39  37  35  84 100 112  93  82  45
  32  97 189 185 188 194  93  38  38  34 164 193 197 194 188  47
  30 100 183 181 181 188  94  31  38  29 172 183 182 183 187  34
  32 105 185 182 183 192  92  30  37  19 172 183 183 184 190  40
  28 119 200 195 191 203  97  35  37  23 172 188 190 197 183  46
  53  65 101 102  96 111  60  38  39  40 103 110 114 131 121  38
  58  41  38  30  33  37  41  39  40  39  34  30  31  28  28  45
  37  37  38  39  39  35  36  37  38  35  35  38  38  38  37  38
  35  37  38  37  37  36  35  35  37  37  36  36  37  37  36  36
  34  36  37  39  37  36  36  36  37  36  36  37  37  35  34  36
  34  32  34  36  37  35  36  39  39  37  37  36  35  35  35  36
  34  34  36  36  36  34  26  21  24  30  30  36  37  38  35  36
  35  39  37  38  38  52 154 134 143 145 100  34  36  37  36  38
  36  37  37  39  39  71 185 186 191 194 149  21  38  38  37  36
  35  37  37  38  33  67 194 185 187 190 153  28  38  38  38  38
  35  31  23  24  25  27  33  34  32  29  27  32  32  30  28  33
  37  66  96  96 102  93  44  33  34  34  76  83  91  77  69  37
  31  87 153 148 157 162  73  33  32  32 143 157 163 162 160  39
  29  87 150 151 150 153  74  26  32  28 149 146 150 149 153  25
  31  94 156 151 150 156  75  28  35  18 148 148 151 150 158  35
  27 107 167 155 154 168  81  34  35  20 149 153 155 166 159  40
  43  57  83  83  78  92  47  32  30  28  86  90  95 110 109  32
  46  32  30  21  22  24  29  30  26  29  29  25  23  19  21  38
  29  27  27  28  31  31  33  32  30  32  30  31  30  27  26  32
  27  27  27  29  32  29  30  31  31  32  30  31  31  28  26  29
  28  30  30  28  31  28  28  30  31  33  32  31  30  29  31  33
  29  31  31  31  32  29  31  30  29  31  31  31  29  28  30  34
  28  28  28  29  30  29  23  16  20  24  23  30  30  31  30  29
  27  24  23  26  31  44 132 108 117 120  91  31  30  29  27  27
  28  26  27  28  34  62 155 152 156 157 126  19  30  30  30  30
  30  30  27  31  31  60 162 153 153 153 127  23  31  28  29  29

