  35  34  38  33  29  29  31  26  27  28  30  29  20  35  77 175
 156 153 152 157 150  41  30  26  27  28  31 104 147 152 150 169
 166 164 165 166 160  28  30  28  28  29  28 124 163 166 172 170
 169 168 169 167 163  25  25  22  22  16  17 126 165 168 170 168
 168 168 168 166 159 110 107 108 113 117 118 149 164 171 149  99
 167 170 168 166 166 164 166 164 168 168 168 168 169 172 126  22
 166 168 168 164 166 160 161 164 165 165 168 167 169 170 134  21
 166 153 135 137 133 129 132 129 128 126 134 137 140 137 129  87
 165 120   7  12  11  14  27  29  30  30  29  30  27  29  76 174
 164 132  26  29  30  34  31  34  33  34  35  36  33  40  74 176
 149 139  28  27  37  61  54  53  51  57  46  38  39  41  80 177
  27  46  28  27  40 171 166 167 165 167 167  79  37  41 102 177
  27  27  29  30  34 176 170 170 168 168 169  90  34  42 105 176
  27  32  33  36  46 173 171 171 169 168 170  94  36  44 105 173
  27  94 155 148 151 168 169 174 172 170 167 166 160 166 169 171
  25  93 163 166 170 171 170 175 173 170 169 168 172 173 173 175
  33  35  35  35  35  30  32  31  32  32  30  27  19  26  69 179
 158 159 157 162 162  34  31  32  32  32  27  99 150 151 147 172
 166 168 168 167 176  17  33  32  33  33  26 121 167 169 171 170
 165 167 167 166 175  16  24  24  22  17  15 129 168 170 171 170
 165 166 166 165 165 106 108 109 112 119 122 155 167 167 153 101
 165 165 167 166 165 169 171 169 171 169 170 168 166 167 128  13
 165 167 168 167 168 168 167 167 168 169 167 167 167 170 134  14
 165 157 138 142 140 141 138 138 137 133 140 142 144 140 130  85
 165 127   8  13  13  16  29  33  34  33  31  31  28  25  74 181
 167 137  24  34  33  34  32  32  35  37  33  35  36  34  70 179
 159 150  27  34  32  62  53  53  53  54  43  35  36  35  72 180
  30  52  29  32  28 181 165 166 166 166 170  80  30  37 104 180
  29  30  30  32  25 187 167 168 168 168 171  83  29  37 102 182
  30  32  32  33  36 182 166 167 168 168 171  86  33  38 100 176
  30  95 159 150 148 168 166 167 168 169 167 160 154 161 163 168
  28 101 168 168 166 167 166 166 167 169 169 168 168 169 169 169
  29  29  28  28  25  23  27  29  26  26  26  25  16  19  58 148
 132 129 129 131 132  25  28  28  27  28  22  89 124 123 117 142
 138 134 135 133 139  10  27  30  29  30  23 105 137 137 137 140
 141 139 138 137 142  13  19  20  20  17  13 107 140 138 136 140
 141 140 137 137 133  91  89  90  93  98 100 124 138 138 123  89
 141 141 137 137 137 136 137 137 135 134 138 139 140 139 104  12
 142 138 138 139 138 134 134 135 135 136 138 139 141 136 110  12
 141 129 119 125 121 123 122 121 120 116 126 129 133 128 114  72
 141 104   7  12  13  16  28  31  31  29  29  29  28  23  64 149
 138 109  22  28  31  32  31  31  32  29  30  32  31  28  62 148
 137 125  25  28  26  52  39  40  42  40  34  27  29  28  64 149
  29  45  28  28  24 152 135 135 138 136 141  68  26  27  87 149
  27  27  30  30  22 153 137 138 139 138 141  69  24  31  87 149
  27  25  27  28  30 152 142 140 141 141 146  69  25  32  82 147
  25  83 133 124 123 141 142 141 140 142 140 132 129 134 134 143
  25  85 130 135 135 138 141 141 140 140 140 138 138 136 138 142

 175 169 170 168  99  22  21  87 174 176 177 177 176 173 171 175
  77 150 172 170 149 126 134 129  76  74  80 102 105 105 169 173
  35 152 166 168 171 172 170 137  29  40  41  41  42  44 166 173
  20 147 163 165 164 169 169 140  27  33  39  37  34  36 160 172
  29 104 124 126 149 168 167 137  30  36  38  79  90  94 166 168
  30  31  28  17 118 168 168 134  29  35  46 167 169 170 167 169
  28  28  29  16 117 168 165 126  30  34  57 167 168 168 170 170
  27  27  28  22 113 168 165 128  30  33  51 165 168 169 172 173
  26  26  28  22 108 164 164 129  29  34  53 167 170 171 174 175
  31  30  30  25 107 166 161 132  27  31  54 166 170 171 169 170
  29  41  28  25 110 164 160 129  14  34  61 171 176 173 168 171
  29 150 160 163 159 166 166 133  11  30  37  40  34  46 151 170
  33 157 166 167 166 166 164 137  12  29  27  27  30  36 148 166
  38 152 165 169 168 168 168 135   7  26  28  28  29  33 155 163
  34 153 164 168 168 170 168 153 120 132 139  46  27  32  94  93
  35 156 166 169 168 167 166 166 165 164 149  27  27  27  27  25
 179 172 170 170 101  13  14  85 181 179 180 180 182 176 168 169
  69 147 171 171 153 128 134 130  74  70  72 104 102 100 163 169
  26 151 169 170 167 167 170 140  25  34  35  37  37  38 161 169
  19 150 167 168 167 166 167 144  28  36  36  30  29  33 154 168
  27  99 121 129 155 168 167 142  31  35  35  80  83  86 160 168
  30  27  26  15 122 170 167 140  31  33  43 170 171 171 167 169
  32  32  33  17 119 169 169 133  33  37  54 166 168 168 169 169
  32  32  33  22 112 171 168 137  34  35  53 166 168 168 168 167
  31  32  32  24 109 169 167 138  33  32  53 166 168 167 167 166
  32  31  33  24 108 171 167 138  29  32  53 165 167 166 166 166
  30  34  17  16 106 169 168 141  16  34  62 181 187 182 168 167
  35 162 176 175 165 165 168 140  13  33  32  28  25  36 148 166
  35 162 167 166 165 166 167 142  13  34  34  32  32  33 150 168
  35 157 168 167 166 167 168 138   8  24  27  29  30  32 159 168
  35 159 168 167 166 165 167 157 127 137 150  52  30  32  95 101
  33 158 166 165 165 165 165 165 165 167 159  30  29  30  30  28
 148 142 140 140  89  12  12  72 149 148 149 149 149 147 143 142
  58 117 137 136 123 104 110 114  64  62  64  87  87  82 134 138
  19 123 137 138 138 139 136 128  23  28  28  27  31  32 134 136
  16 124 137 140 138 140 141 133  28  31  29  26  24  25 129 138
  25  89 105 107 124 139 139 129  29  32  27  68  69  69 132 138
  26  22  23  13 100 138 138 126  29  30  34 141 141 146 140 140
  26  28  30  17  98 134 136 116  29  29  40 136 138 141 142 140
  26  27  29  20  93 135 135 120  31  32  42 138 139 141 140 140
  29  28  30  20  90 137 135 121  31  31  40 135 138 140 141 141
  27  28  27  19  89 137 134 122  28  31  39 135 137 142 142 141
  23  25  10  13  91 136 134 123  16  32  52 152 153 152 141 138
  25 132 139 142 133 137 138 121  13  31  26  24  22  30 123 135
  28 131 133 137 137 137 139 125  12  28  28  28  30  28 124 135
  28 129 135 138 137 137 138 119   7  22  25  28  30  27 133 130
  29 129 134 139 140 141 138 129 104 109 125  45  27  25  83  85
  29 132 138 141 141 141 142 141 141 138 137  29  27  27  25  25

 175 173 173 172 168 169 170 173 175 170 171 170 166 163  93  25
 171 169 166 160 166 167 170 172 174 169 168 151 148 155  94  27
 173 105  44  36  94 170 168 169 171 171 173  46  36  33  32  27
 176 105  42  34  90 169 168 168 170 170 176  34  30  29  27  27
 177 102  41  37  79 167 167 165 167 166 171  40  27  28  46  27
 177  80  41  39  38  46  57  51  53  54  61  37  27  28 139 149
 176  74  40  33  36  35  34  33  34  31  34  30  29  26 132 164
 174  76  29  27  30  29  30  30  29  27  14  11  12   7 120 165
  87 129 137 140 137 134 126 128 129 132 129 133 137 135 153 166
  21 134 170 169 167 168 165 165 164 161 160 166 164 168 168 166
  22 126 172 169 168 168 168 168 164 166 164 166 166 168 170 167
  99 149 171 164 149 118 117 113 108 107 110 159 166 168 168 168
 168 170 168 165 126  17  16  22  22  25  25 163 167 169 168 169
 170 172 166 163 124  28  29  28  28  30  28 160 166 165 164 166
 169 150 152 147 104  31  28  27  26  30  41 150 157 152 153 156
 175  77  35  20  29  30  28  27  26  31  29  29  33  38  34  35
 169 169 169 168 168 169 169 167 166 166 167 166 168 168 101  28
 168 163 161 154 160 167 169 168 167 166 168 148 150 159  95  30
 176 100  38  33  86 171 168 168 167 166 182  36  33  32  32  30
 182 102  37  29  83 171 168 168 168 167 187  25  32  30  30  29
 180 104  37  30  80 170 166 166 166 165 181  28  32  29  52  30
 180  72  35  36  35  43  54  53  53  53  62  32  34  27 150 159
 179  70  34  36  35  33  37  35  32  32  34  33  34  24 137 167
 181  74  25  28  31  31  33  34  33  29  16  13  13   8 127 165
  85 130 140 144 142 140 133 137 138 138 141 140 142 138 157 165
  14 134 170 167 167 167 169 168 167 167 168 168 167 168 167 165
  13 128 167 166 168 170 169 171 169 171 169 165 166 167 165 165
 101 153 167 167 155 122 119 112 109 108 106 165 165 166 166 165
 170 171 170 168 129  15  17  22  24  24  16 175 166 167 167 165
 170 171 169 167 121  26  33  33  32  33  17 176 167 168 168 166
 172 147 151 150  99  27  32  32  32  31  34 162 162 157 159 158
 179  69  26  19  27  30  32  32  31  32  30  35  35  35  35  33
 142 138 136 138 138 140 140 140 141 141 138 135 135 130  85  25
 143 134 134 129 132 140 142 140 141 142 141 123 124 133  83  25
 147  82  32  25  69 146 141 141 140 142 152  30  28  27  25  27
 149  87  31  24  69 141 138 139 138 137 153  22  30  30  27  27
 149  87  27  26  68 141 136 138 135 135 152  24  28  28  45  29
 149  64  28  29  27  34  40  42  40  39  52  26  28  25 125 137
 148  62  28  31  32  30  29  32  31  31  32  31  28  22 109 138
 149  64  23  28  29  29  29  31  31  28  16  13  12   7 104 141
  72 114 128 133 129 126 116 120 121 122 123 121 125 119 129 141
  12 110 136 141 139 138 136 135 135 134 134 138 139 138 138 142
  12 104 139 140 139 138 134 135 137 137 136 137 137 137 141 141
  89 123 138 138 124 100  98  93  90  89  91 133 137 137 140 141
 140 136 138 140 107  13  17  20  20  19  13 142 137 138 139 141
 140 137 137 137 105  23  30  29  30  27  10 139 133 135 134 138
 142 117 123 124  89  22  28  27  28  28  25 132 131 129 129 132
 148  58  19  16  25  26  26  26  29  27  23  25  28  28  29  29

  25  27  27  27  27 149 164 165 166 166 167 168 169 166 156  35
  93  94  32  27  46 139 132 120 153 168 170 168 168 164 153  34
 163 155  33  29  28  28  26   7 135 168 168 168 169 165 152  38
 166 148  36  30  27  27  29  12 137 164 166 166 167 166 157  33
 170 151  46  34  40  37  30  11 133 166 166 159 163 160 150  29
 171 168 173 176 171  61  34  14 129 160 164 110  25  28  41  29
 170 169 171 170 166  54  31  27 132 161 166 107  25  30  30  31
 175 174 171 170 167  53  34  29 129 164 164 108  22  28  26  26
 173 172 169 168 165  51  33  30 128 165 168 113  22  28  27  27
 170 170 168 168 167  57  34  30 126 165 168 117  16  29  28  28
 169 167 170 169 167  46  35  29 134 168 168 118  17  28  31  30
 168 166  94  90  79  38  36  30 137 167 168 149 126 124 104  29
 172 160  36  34  37  39  33  27 140 169 169 164 165 163 147  20
 173 166  44  42  41  41  40  29 137 170 172 171 168 166 152  35
 173 169 105 105 102  80  74  76 129 134 126 149 170 172 150  77
 175 171 173 176 177 177 176 174  87  21  22  99 168 170 169 175
  28  30  30  29  30 159 167 165 165 165 165 165 165 166 158  33
 101  95  32  30  52 150 137 127 157 167 165 166 167 168 159  35
 168 159  32  30  29  27  24   8 138 168 167 166 167 168 157  35
 168 150  33  32  32  34  34  13 142 167 166 165 166 167 162  35
 166 148  36  25  28  32  33  13 140 168 165 165 175 176 162  35
 167 168 182 187 181  62  34  16 141 168 169 106  16  17  34  30
 166 166 166 167 165  53  32  29 138 167 171 108  24  33  31  32
 166 167 167 168 166  53  32  33 138 167 169 109  24  32  32  31
 167 168 168 168 166  53  35  34 137 168 171 112  22  33  32  32
 169 169 168 168 166  54  37  33 133 169 169 119  17  33  32  32
 169 167 171 171 170  43  33  31 140 167 170 122  15  26  27  30
 168 160  86  83  80  35  35  31 142 167 168 155 129 121  99  27
 168 154  33  29  30  36  36  28 144 167 166 167 168 167 150  19
 169 161  38  37  37  35  34  25 140 170 167 167 170 169 151  26
 169 163 100 102 104  72  70  74 130 134 128 153 171 171 147  69
 169 168 176 182 180 180 179 181  85  14  13 101 170 170 172 179
  25  25  27  27  29 137 138 141 141 142 141 141 141 138 132  29
  85  83  25  27  45 125 109 104 129 138 141 140 139 134 129  29
 130 133  27  30  28  25  22   7 119 138 137 137 138 135 129  28
 135 124  28  30  28  28  28  12 125 139 137 137 137 133 131  28
 135 123  30  22  24  26  31  13 121 138 137 133 142 139 132  25
 138 141 152 153 152  52  32  16 123 134 136  91  13  10  25  23
 141 142 142 137 135  39  31  28 122 134 137  89  19  27  28  27
 141 141 140 138 135  40  31  31 121 135 137  90  20  30  28  29
 140 140 141 139 138  42  32  31 120 135 135  93  20  29  27  26
 140 142 141 138 136  40  29  29 116 136 134  98  17  30  28  26
 140 140 146 141 141  34  30  29 126 138 138 100  13  23  22  26
 138 132  69  69  68  27  32  29 129 139 139 124 107 105  89  25
 138 129  25  24  26  29  31  28 133 141 140 138 140 137 124  16
 136 134  32  31  27  28  28  23 128 136 139 138 138 137 123  19
 138 134  82  87  87  64  62  64 114 110 104 123 136 137 117  58
 142 143 147 149 149 149 148 149  72  12  12  89 140 140 142 148

