  36  34  34  35  34  34  32  34  38  34 120 172 170  33  29  35
  34  34  32  33  34  34  29  42  29 107 180 160  35  35  36  36
  34  33  29  33  42  39  40  37 119 177 154  39  33  34  37  37
  34  34  32  34  43  45  31 115 175 157  50  37  34  36  31  54
  35  34  34  36  39  59 140 182 149  44  36  37  36  30  88 180
  33  28  34  36  59 166 174 137  35  39  36  34  33  99 182 173
  32  32  33  59 162 188 103  21  41  38  37  32 101 188 179  66
  34  38  52 162 185  93  35  37  39  43  36  93 188 178  53  29
  30  53 158 171 101  32  38  35  41  45 101 177 166  57  36  34
  55 165 178  99  34  33  35  36  32  93 182 172  65  37  43  36
 164 170  90  29  36  34  41  44 140 185 178  66  34  38  37  30
 173  85  30  36  37  41  44 151 186 145  63  35  34  32  31  30
  54  29  35  35  41  49 150 183 156  20  43  37  30  31  32  31
  35  35  34  43  48 151 183 134  24  38  35  36  30  32  32  30
  35  35  35  42 145 184 135  34  37  32  34  35  33  32  31  30
  37  36  40 156 186 114  38  43  33  35  40  36  30  29  30  36
  37  38  36  38  37  38  38  37  37  31 119 187 177  33  31  36
  37  38  39  39  38  37  37  40  25 109 193 168  34  35  37  36
  38  37  40  38  39  38  41  26 122 193 159  38  36  38  37  33
  38  38  38  37  38  37  21 116 190 169  45  36  38  39  28  53
  39  38  39  38  35  56 140 197 158  41  30  36  38  24  86 192
  39  39  39  31  51 171 183 149  33  36  38  37  23  95 200 187
  39  39  33  45 170 197  99  24  39  37  37  31  98 197 193  66
  37  31  47 169 197  92  30  37  39  36  29  93 196 184  48  25
  31  48 167 187 107  31  40  37  39  30  99 186 175  54  27  36
  52 175 190 103  30  37  40  35  31  85 192 180  64  30  36  34
 173 181  91  22  35  38  37  38 145 192 183  63  32  36  35  33
 183  81  26  39  38  39  39 150 198 147  62  30  36  34  34  35
  52  22  38  39  36  39 154 191 157  14  38  33  33  32  32  34
  31  37  40  38  38 152 196 131  22  38  36  33  32  32  32  32
  38  36  35  34 145 191 132  25  38  37  38  36  33  32  32  34
  38  33  32 164 199 118  29  38  36  38  38  34  33  32  32  33
  36  32  33  33  33  30  29  26  30  25 105 158 155  29  26  35
  33  32  32  29  30  30  28  29  21  90 163 148  31  31  33  36
  31  31  30  31  31  31  31  23 101 162 142  31  31  30  31  32
  31  31  29  32  31  31  17 104 158 144  40  30  29  30  23  44
  32  31  30  32  28  44 122 169 137  35  26  31  30  18  72 162
  30  31  31  27  45 145 153 134  27  35  31  30  18  75 165 160
  30  32  28  39 147 172  88  22  32  31  31  20  84 164 161  60
  34  27  36 144 172  83  27  36  31  31  25  75 173 163  43  24
  28  35 139 157  91  26  31  33  33  26  81 157 157  52  26  33
  45 142 158  93  22  31  30  30  27  69 161 157  59  31  33  32
 148 150  76  20  31  32  30  33 128 161 165  58  29  34  32  29
 158  71  20  31  30  32  32 136 173 131  56  27  31  31  30  29
  45  20  30  32  29  32 126 165 146  13  35  30  30  31  29  29
  28  33  29  33  32 127 163 116  21  32  32  32  30  32  32  31
  32  35  28  30 121 161 119  22  32  29  31  30  30  32  32  32
  30  31  27 136 169 103  26  33  30  28  28  28  28  29  28  31

  35  36  37  54 180 173  66  29  34  36  30  30  31  30  30  36
  29  36  37  31  88 182 179  53  36  43  37  31  32  32  31  30
  33  35  34  36  30  99 188 178  57  37  38  32  31  32  32  29
 170  35  33  34  36  33 101 188 166  65  34  34  30  30  33  30
 172 160  39  37  37  34  32  93 177 172  66  35  37  36  35  36
 120 180 154  50  36  36  37  36 101 182 178  63  43  35  34  40
  34 107 177 157  44  39  38  43  45  93 185 145  20  38  32  35
  38  29 119 175 149  35  41  39  41  32 140 186 156  24  37  33
  34  42  37 115 182 137  21  37  35  36  44 151 183 134  34  43
  32  29  40  31 140 174 103  35  38  35  41  44 150 183 135  38
  34  34  39  45  59 166 188  93  32  33  34  41  49 151 184 114
  34  34  42  43  39  59 162 185 101  34  36  37  41  48 145 186
  35  33  33  34  36  36  59 162 171  99  29  36  35  43  42 156
  34  32  29  32  34  34  33  52 158 178  90  30  35  34  35  40
  34  34  33  34  34  28  32  38  53 165 170  85  29  35  35  36
  36  34  34  34  35  33  32  34  30  55 164 173  54  35  35  37
  36  36  33  53 192 187  66  25  36  34  33  35  34  32  34  33
  31  37  37  28  86 200 193  48  27  36  35  34  32  32  32  32
  33  35  38  39  24  95 197 184  54  30  36  34  32  32  32  32
 177  34  36  38  38  23  98 196 175  64  32  36  33  32  33  33
 187 168  38  36  36  37  31  93 186 180  63  30  33  33  36  34
 119 193 159  45  30  38  37  29  99 192 183  62  38  36  38  38
  31 109 193 169  41  36  37  36  30  85 192 147  14  38  37  38
  37  25 122 190 158  33  39  39  39  31 145 198 157  22  38  36
  37  40  26 116 197 149  24  37  37  35  38 150 191 131  25  38
  38  37  41  21 140 183  99  30  40  40  37  39 154 196 132  29
  38  37  38  37  56 171 197  92  31  37  38  39  39 152 191 118
  37  38  39  38  35  51 170 197 107  30  35  38  36  38 145 199
  38  39  38  37  38  31  45 169 187 103  22  39  39  38  34 164
  36  39  40  38  39  39  33  47 167 190  91  26  38  40  35  32
  38  38  37  38  38  39  39  31  48 175 181  81  22  37  36  33
  37  37  38  38  39  39  39  37  31  52 173 183  52  31  38  38
  35  36  32  44 162 160  60  24  33  32  29  29  29  31  32  31
  26  33  31  23  72 165 161  43  26  33  32  30  29  32  32  28
  29  31  30  30  18  75 164 163  52  31  34  31  31  32  32  29
 155  31  31  29  30  18  84 173 157  59  29  31  30  30  30  28
 158 148  31  30  31  30  20  75 157 157  58  27  30  32  30  28
 105 163 142  40  26  31  31  25  81 161 165  56  35  32  31  28
  25  90 162 144  35  35  31  31  26  69 161 131  13  32  29  28
  30  21 101 158 137  27  32  31  33  27 128 173 146  21  32  30
  26  29  23 104 169 134  22  36  33  30  33 136 165 116  22  33
  29  28  31  17 122 153  88  27  31  30  30  32 126 163 119  26
  30  30  31  31  44 145 172  83  26  31  32  32  32 127 161 103
  33  30  31  31  28  45 147 172  91  22  31  30  29  32 121 169
  33  29  31  32  32  27  39 144 157  93  20  31  32  33  30 136
  33  32  30  29  30  31  28  36 139 158  76  20  30  29  28  27
  32  32  31  31  31  31  32  27  35 142 150  71  20  33  35  31
  36  33  31  31  32  30  30  34  28  45 148 158  45  28  32  30

  36  30  29  30  36  40  35  33  43  38 114 186 156  40  36  37
  30  31  32  33  35  34  32  37  34 135 184 145  42  35  35  35
  30  32  32  30  36  35  38  24 134 183 151  48  43  34  35  35
  31  32  31  30  37  43  20 156 183 150  49  41  35  35  29  54
  30  31  32  34  35  63 145 186 151  44  41  37  36  30  85 173
  30  37  38  34  66 178 185 140  44  41  34  36  29  90 170 164
  36  43  37  65 172 182  93  32  36  35  33  34  99 178 165  55
  34  36  57 166 177 101  45  41  35  38  32 101 171 158  53  30
  29  53 178 188  93  36  43  39  37  35  93 185 162  52  38  34
  66 179 188 101  32  37  38  41  21 103 188 162  59  33  32  32
 173 182  99  33  34  36  39  35 137 174 166  59  36  34  28  33
 180  88  30  36  37  36  44 149 182 140  59  39  36  34  34  35
  54  31  36  34  37  50 157 175 115  31  45  43  34  32  34  34
  37  37  34  33  39 154 177 119  37  40  39  42  33  29  33  34
  36  36  35  35 160 180 107  29  42  29  34  34  33  32  34  34
  35  29  33 170 172 120  34  38  34  32  34  34  35  34  34  36
  33  32  32  33  34  38  38  36  38  29 118 199 164  32  33  38
  34  32  32  33  36  38  37  38  25 132 191 145  34  35  36  38
  32  32  32  32  33  36  38  22 131 196 152  38  38  40  37  31
  34  32  32  33  33  38  14 157 191 154  39  36  39  38  22  52
  35  34  34  36  30  62 147 198 150  39  39  38  39  26  81 183
  33  35  36  32  63 183 192 145  38  37  38  35  22  91 181 173
  34  36  30  64 180 192  85  31  35  40  37  30 103 190 175  52
  36  27  54 175 186  99  30  39  37  40  31 107 187 167  48  31
  25  48 184 196  93  29  36  39  37  30  92 197 169  47  31  37
  66 193 197  98  31  37  37  39  24  99 197 170  45  33  39  39
 187 200  95  23  37  38  36  33 149 183 171  51  31  39  39  39
 192  86  24  38  36  30  41 158 197 140  56  35  38  39  38  39
  53  28  39  38  36  45 169 190 116  21  37  38  37  38  38  38
  33  37  38  36  38 159 193 122  26  41  38  39  38  40  37  38
  36  37  35  34 168 193 109  25  40  37  37  38  39  39  38  37
  36  31  33 177 187 119  31  37  37  38  38  37  38  36  38  37
  31  28  29  28  28  28  28  30  33  26 103 169 136  27  31  30
  32  32  32  30  30  31  29  32  22 119 161 121  30  28  35  32
  31  32  32  30  32  32  32  21 116 163 127  32  33  29  33  28
  29  29  31  30  30  35  13 146 165 126  32  29  32  30  20  45
  29  30  31  31  27  56 131 173 136  32  32  30  31  20  71 158
  29  32  34  29  58 165 161 128  33  30  32  31  20  76 150 148
  32  33  31  59 157 161  69  27  30  30  31  22  93 158 142  45
  33  26  52 157 157  81  26  33  33  31  26  91 157 139  35  28
  24  43 163 173  75  25  31  31  36  27  83 172 144  36  27  34
  60 161 164  84  20  31  31  32  22  88 172 147  39  28  32  30
 160 165  75  18  30  31  35  27 134 153 145  45  27  31  31  30
 162  72  18  30  31  26  35 137 169 122  44  28  32  30  31  32
  44  23  30  29  30  40 144 158 104  17  31  31  32  29  31  31
  32  31  30  31  31 142 162 101  23  31  31  31  31  30  31  31
  36  33  31  31 148 163  90  21  29  28  30  30  29  32  32  33
  35  26  29 155 158 105  25  30  26  29  30  33  33  33  32  36

  37  35  35  54 173 164  55  30  34  32  33  35  34  34  34  36
  36  35  35  29  85 170 165  53  38  32  28  34  34  33  34  34
  40  35  34  35  30  90 178 158  52  33  34  34  32  29  32  34
 156  42  43  35  36  29  99 171 162  59  36  36  34  33  33  35
 186 145  48  41  37  36  34 101 185 162  59  39  43  42  34  34
 114 184 151  49  41  34  33  32  93 188 166  59  45  39  34  34
  38 135 183 150  44  41  35  38  35 103 174 140  31  40  29  32
  43  34 134 183 151  44  36  35  37  21 137 182 115  37  42  34
  33  37  24 156 186 140  32  41  39  41  35 149 175 119  29  38
  35  32  38  20 145 185  93  45  43  38  39  44 157 177 107  34
  40  34  35  43  63 178 182 101  36  37  36  36  50 154 180 120
  36  35  36  37  35  66 172 177  93  32  34  37  37  39 160 172
  30  33  30  30  34  34  65 166 188 101  33  36  34  33  35 170
  29  32  32  31  32  38  37  57 178 188  99  30  36  34  35  33
  30  31  32  32  31  37  43  36  53 179 182  88  31  37  36  29
  36  30  30  31  30  30  36  34  29  66 173 180  54  37  36  35
  38  38  31  52 183 173  52  31  37  39  39  39  38  38  37  37
  33  36  37  22  81 181 175  48  31  39  39  38  38  37  38  38
  32  35  40  38  26  91 190 167  47  33  39  39  38  40  39  36
 164  34  38  39  39  22 103 187 169  45  31  38  37  38  39  38
 199 145  38  36  38  35  30 107 197 170  51  35  38  39  38  37
 118 191 152  39  39  38  37  31  92 197 171  56  37  38  37  38
  29 132 196 154  39  37  40  40  30  99 183 140  21  41  37  38
  38  25 131 191 150  38  35  37  37  24 149 197 116  26  40  37
  36  38  22 157 198 145  31  39  39  39  33 158 190 122  25  37
  38  37  38  14 147 192  85  30  36  37  36  41 169 193 109  31
  38  38  36  38  62 183 192  99  29  37  38  30  45 159 193 119
  34  36  33  33  30  63 180 186  93  31  37  36  36  38 168 187
  33  33  32  33  36  32  64 175 196  98  23  38  38  36  34 177
  32  32  32  32  34  36  30  54 184 197  95  24  39  38  35  33
  32  32  32  32  34  35  36  27  48 193 200  86  28  37  37  31
  33  34  32  34  35  33  34  36  25  66 187 192  53  33  36  36
  30  32  28  45 158 148  45  28  34  30  30  32  31  31  33  36
  31  35  33  20  71 150 142  35  27  32  31  31  31  31  32  32
  27  28  29  30  20  76 158 139  36  28  31  30  29  30  32  33
 136  30  33  32  31  20  93 157 144  39  27  32  32  31  29  33
 169 121  32  29  30  31  22  91 172 147  45  28  31  31  30  33
 103 161 127  32  32  32  31  26  83 172 145  44  31  31  30  30
  26 119 163 126  32  30  30  31  27  88 153 122  17  31  28  29
  33  22 116 165 136  33  30  33  36  22 134 169 104  23  29  26
  30  32  21 146 173 128  27  33  31  32  27 137 158 101  21  30
  28  29  32  13 131 161  69  26  31  31  35  35 144 162  90  25
  28  31  32  35  56 165 161  81  25  31  31  26  40 142 163 105
  28  30  32  30  27  58 157 157  75  20  30  31  30  31 148 158
  28  30  30  30  31  29  59 157 173  84  18  30  29  31  31 155
  29  32  32  31  31  34  31  52 163 164  75  18  30  30  31  29
  28  32  32  29  30  32  33  26  43 161 165  72  23  31  33  26
  31  32  31  29  29  29  32  33  24  60 160 162  44  32  36  35

