  34 111 163 159 144  37  36  32 169 165 167 169 168 161 108  32
  48 108 170 167 144  42  40  34 169 167 168 166 168 164 125  32
 175 136  30  37  36  38  39  33 174 167 169 171 172 162 127  33
 164 134  34  39  36  36  38  34 174 167 169 170 173 167 127  35
 162 125  38  44  43  27  29  41 169 167 169 170 170 168 128  47
 165 162 184 187 186 174 170 165 167 169 170 168 167 167 171 192
 170 170 171 172 170 170 171 171 173 172 171 171 170 170 170 166
 169 162 174 186 177 171 173 173 173 173 172 171 170 169 169 177
 164 142  88 103 120 172 172 172 171 172 170 169 170 169 129  68
 166 143  36  45  81 169 169 172 171 169 170 170 172 168 124  40
 170 144  34  37  74 166 165 167 169 171 171 169 170 165 115  31
 170 144  26  37  65 121 111 116 121 124 123 121 122 130 109 101
 166 137  19  32  32  34  31  35  41  46  49  44  45  34 126 167
 169 135  21  32  33  35  39  44  43  37  34  35  34  25 127 168
 172 134  22  32  31  61  52  53  32  32  32  31  30  25 119 170
 172 137  29  36  75 180 180 170  54  35  32  31  31  30  27  25
  31 113 172 168 152  37  36  31 172 167 167 166 165 169 110  27
  41 109 179 177 150  38  37  31 175 167 167 166 165 169 131  27
 189 133  13  20  24  33  37  28 179 168 166 164 166 169 136  29
 171 137  27  40  38  37  37  32 181 168 167 167 167 170 132  30
 171 127  30  32  29  19  17  26 166 169 168 167 167 169 125  30
 168 174 198 198 200 191 186 178 168 167 168 168 167 168 178 203
 168 167 166 168 168 167 166 166 166 166 167 166 168 168 166 167
 168 164 182 194 180 168 166 166 166 166 166 165 167 167 174 190
 169 147  85  93 116 169 166 166 167 165 165 166 169 171 126  63
 170 143  32  41  79 175 168 166 167 166 165 165 168 172 126  29
 171 145  25  38  76 170 167 167 166 174 175 172 173 175 123  20
 170 147  23  36  63 122 116 117 120 123 125 126 127 136 111  98
 173 142  20  36  32  28  29  29  27  31  35  33  34  27 125 173
 174 142  21  36  36  38  38  38  37  35  35  35  34  25 126 170
 175 139  22  34  29  50  38  45  32  34  34  33  33  30 127 176
 174 141  21  33  78 189 188 181  57  33  33  33  33  31  23  17
  36 102 143 136 131  36  34  28 150 141 141 139 139 139  99  28
  37  95 150 145 131  37  35  29 150 139 139 139 141 140 116  27
 160 120  11  15  20  32  38  30 154 141 142 141 142 140 119  27
 136 117  24  32  33  36  37  29 156 140 141 141 142 139 114  29
 135 109  29  29  27  18  18  25 145 141 140 141 142 140 108  29
 141 146 167 165 166 160 157 150 142 142 140 140 142 141 150 177
 141 142 143 142 141 142 142 142 143 143 140 140 141 141 142 144
 140 134 150 164 151 143 142 141 141 141 141 141 143 141 145 160
 139 125  74  83  99 142 141 142 140 141 140 139 140 139 102  51
 140 123  29  39  68 145 140 141 141 142 142 141 141 141 108  28
 141 126  23  36  66 141 135 137 136 145 148 146 144 144 104  19
 139 128  21  36  57 105  94  96 100 103 103 103 104 117  97  88
 140 121  18  35  30  27  24  22  22  29  32  27  29  26 108 141
 138 119  18  34  33  33  31  32  32  30  29  30  30  23 110 138
 140 116  18  31  26  41  32  37  27  29  29  28  29  25 111 147
 141 123  19  32  73 163 160 158  51  31  29  28  28  28  22  15

  32  32  33  35  47 192 166 177  68  40  31 101 167 168 170  25
 108 125 127 127 128 171 170 169 129 124 115 109 126 127 119  27
 161 164 162 167 168 167 170 169 169 168 165 130  34  25  25  30
 168 168 172 173 170 167 170 170 170 172 170 122  45  34  30  31
 169 166 171 170 170 168 171 171 169 170 169 121  44  35  31  31
 167 168 169 169 169 170 171 172 170 170 171 123  49  34  32  32
 165 167 167 167 167 169 172 173 172 169 171 124  46  37  32  35
 169 169 174 174 169 167 173 173 171 171 169 121  41  43  32  54
  32  34  33  34  41 165 171 173 172 172 167 116  35  44  53 170
  36  40  39  38  29 170 171 173 172 169 165 111  31  39  52 180
  37  42  38  36  27 174 170 171 172 169 166 121  34  35  61 180
 144 144  36  36  43 186 170 177 120  81  74  65  32  33  31  75
 159 167  37  39  44 187 172 186 103  45  37  37  32  32  32  36
 163 170  30  34  38 184 171 174  88  36  34  26  19  21  22  29
 111 108 136 134 125 162 170 162 142 143 144 144 137 135 134 137
  34  48 175 164 162 165 170 169 164 166 170 170 166 169 172 172
  27  27  29  30  30 203 167 190  63  29  20  98 173 170 176  17
 110 131 136 132 125 178 166 174 126 126 123 111 125 126 127  23
 169 169 169 170 169 168 168 167 171 172 175 136  27  25  30  31
 165 165 166 167 167 167 168 167 169 168 173 127  34  34  33  33
 166 166 164 167 167 168 166 165 166 165 172 126  33  35  33  33
 167 167 166 167 168 168 167 166 165 165 175 125  35  35  34  33
 167 167 168 168 169 167 166 166 165 166 174 123  31  35  34  33
 172 175 179 181 166 168 166 166 167 167 166 120  27  37  32  57
  31  31  28  32  26 178 166 166 166 166 167 117  29  38  45 181
  36  37  37  37  17 186 166 166 166 168 167 116  29  38  38 188
  37  38  33  37  19 191 167 168 169 175 170 122  28  38  50 189
 152 150  24  38  29 200 168 180 116  79  76  63  32  36  29  78
 168 177  20  40  32 198 168 194  93  41  38  36  36  36  34  33
 172 179  13  27  30 198 166 182  85  32  25  23  20  21  22  21
 113 109 133 137 127 174 167 164 147 143 145 147 142 142 139 141
  31  41 189 171 171 168 168 168 169 170 171 170 173 174 175 174
  28  27  27  29  29 177 144 160  51  28  19  88 141 138 147  15
  99 116 119 114 108 150 142 145 102 108 104  97 108 110 111  22
 139 140 140 139 140 141 141 141 139 141 144 117  26  23  25  28
 139 141 142 142 142 142 141 143 140 140 144 104  29  30  29  28
 139 139 141 141 141 140 140 141 139 141 146 103  27  30  28  28
 141 139 142 141 140 140 140 141 140 142 148 103  32  29  29  29
 141 139 141 140 141 142 143 141 141 142 145 103  29  30  29  31
 150 150 154 156 145 142 143 141 140 141 136 100  22  32  27  51
  28  29  30  29  25 150 142 141 142 141 137  96  22  32  37 158
  34  35  38  37  18 157 142 142 141 140 135  94  24  31  32 160
  36  37  32  36  18 160 142 143 142 145 141 105  27  33  41 163
 131 131  20  33  27 166 141 151  99  68  66  57  30  33  26  73
 136 145  15  32  29 165 142 164  83  39  36  36  35  34  31  32
 143 150  11  24  29 167 143 150  74  29  23  21  18  18  18  19
 102  95 120 117 109 146 142 134 125 123 126 128 121 119 116 123
  36  37 160 136 135 141 141 140 139 140 141 139 140 138 140 141

  25  27  30  31  31  32  35  54 170 180 180  75  36  29 137 172
 170 119  25  30  31  32  32  32  53  52  61  31  32  22 134 172
 168 127  25  34  35  34  37  43  44  39  35  33  32  21 135 169
 167 126  34  45  44  49  46  41  35  31  34  32  32  19 137 166
 101 109 130 122 121 123 124 121 116 111 121  65  37  26 144 170
  31 115 165 170 169 171 171 169 167 165 166  74  37  34 144 170
  40 124 168 172 170 170 169 171 172 169 169  81  45  36 143 166
  68 129 169 170 169 170 172 171 172 172 172 120 103  88 142 164
 177 169 169 170 171 172 173 173 173 173 171 177 186 174 162 169
 166 170 170 170 171 171 172 173 171 171 170 170 172 171 170 170
 192 171 167 167 168 170 169 167 165 170 174 186 187 184 162 165
  47 128 168 170 170 169 167 169  41  29  27  43  44  38 125 162
  35 127 167 173 170 169 167 174  34  38  36  36  39  34 134 164
  33 127 162 172 171 169 167 174  33  39  38  36  37  30 136 175
  32 125 164 168 166 168 167 169  34  40  42 144 167 170 108  48
  32 108 161 168 169 167 165 169  32  36  37 144 159 163 111  34
  17  23  31  33  33  33  33  57 181 188 189  78  33  21 141 174
 176 127  30  33  33  34  34  32  45  38  50  29  34  22 139 175
 170 126  25  34  35  35  35  37  38  38  38  36  36  21 142 174
 173 125  27  34  33  35  31  27  29  29  28  32  36  20 142 173
  98 111 136 127 126 125 123 120 117 116 122  63  36  23 147 170
  20 123 175 173 172 175 174 166 167 167 170  76  38  25 145 171
  29 126 172 168 165 165 166 167 166 168 175  79  41  32 143 170
  63 126 171 169 166 165 165 167 166 166 169 116  93  85 147 169
 190 174 167 167 165 166 166 166 166 166 168 180 194 182 164 168
 167 166 168 168 166 167 166 166 166 166 167 168 168 166 167 168
 203 178 168 167 168 168 167 168 178 186 191 200 198 198 174 168
  30 125 169 167 167 168 169 166  26  17  19  29  32  30 127 171
  30 132 170 167 167 167 168 181  32  37  37  38  40  27 137 171
  29 136 169 166 164 166 168 179  28  37  33  24  20  13 133 189
  27 131 169 165 166 167 167 175  31  37  38 150 177 179 109  41
  27 110 169 165 166 167 167 172  31  36  37 152 168 172 113  31
  15  22  28  28  28  29  31  51 158 160 163  73  32  19 123 141
 147 111  25  29  28  29  29  27  37  32  41  26  31  18 116 140
 138 110  23  30  30  29  30  32  32  31  33  33  34  18 119 138
 141 108  26  29  27  32  29  22  22  24  27  30  35  18 121 140
  88  97 117 104 103 103 103 100  96  94 105  57  36  21 128 139
  19 104 144 144 146 148 145 136 137 135 141  66  36  23 126 141
  28 108 141 141 141 142 142 141 141 140 145  68  39  29 123 140
  51 102 139 140 139 140 141 140 142 141 142  99  83  74 125 139
 160 145 141 143 141 141 141 141 141 142 143 151 164 150 134 140
 144 142 141 141 140 140 143 143 142 142 142 141 142 143 142 141
 177 150 141 142 140 140 142 142 150 157 160 166 165 167 146 141
  29 108 140 142 141 140 141 145  25  18  18  27  29  29 109 135
  29 114 139 142 141 141 140 156  29  37  36  33  32  24 117 136
  27 119 140 142 141 142 141 154  30  38  32  20  15  11 120 160
  27 116 140 141 139 139 139 150  29  35  37 131 145 150  95  37
  28  99 139 139 139 141 141 150  28  34  36 131 136 143 102  36

 172 172 169 166 170 170 166 164 169 170 165 162 164 175  48  34
 137 134 135 137 144 144 143 142 162 170 162 125 134 136 108 111
  29  22  21  19  26  34  36  88 174 171 184  38  34  30 170 163
  36  32  32  32  37  37  45 103 186 172 187  44  39  37 167 159
  75  31  33  32  65  74  81 120 177 170 186  43  36  36 144 144
 180  61  35  34 121 166 169 172 171 170 174  27  36  38  42  37
 180  52  39  31 111 165 169 172 173 171 170  29  38  39  40  36
 170  53  44  35 116 167 172 172 173 171 165  41  34  33  34  32
  54  32  43  41 121 169 171 171 173 173 167 169 174 174 169 169
  35  32  37  46 124 171 169 172 173 172 169 167 167 167 167 165
  32  32  34  49 123 171 170 170 172 171 170 169 169 169 168 167
  31  31  35  44 121 169 170 169 171 171 168 170 170 171 166 169
  31  30  34  45 122 170 172 170 170 170 167 170 173 172 168 168
  30  25  25  34 130 165 168 169 169 170 167 168 167 162 164 161
  27 119 127 126 109 115 124 129 169 170 171 128 127 127 125 108
  25 170 168 167 101  31  40  68 177 166 192  47  35  33  32  32
 174 175 174 173 170 171 170 169 168 168 168 171 171 189  41  31
 141 139 142 142 147 145 143 147 164 167 174 127 137 133 109 113
  21  22  21  20  23  25  32  85 182 166 198  30  27  13 179 172
  33  34  36  36  36  38  41  93 194 168 198  32  40  20 177 168
  78  29  36  32  63  76  79 116 180 168 200  29  38  24 150 152
 189  50  38  28 122 170 175 169 168 167 191  19  37  33  38  37
 188  38  38  29 116 167 168 166 166 166 186  17  37  37  37  36
 181  45  38  29 117 167 166 166 166 166 178  26  32  28  31  31
  57  32  37  27 120 166 167 167 166 166 168 166 181 179 175 172
  33  34  35  31 123 174 166 165 166 166 167 169 168 168 167 167
  33  34  35  35 125 175 165 165 166 167 168 168 167 166 167 167
  33  33  35  33 126 172 165 166 165 166 168 167 167 164 166 166
  33  33  34  34 127 173 168 169 167 168 167 167 167 166 165 165
  31  30  25  27 136 175 172 171 167 168 168 169 170 169 169 169
  23 127 126 125 111 123 126 126 174 166 178 125 132 136 131 110
  17 176 170 173  98  20  29  63 190 167 203  30  30  29  27  27
 141 140 138 140 139 141 140 139 140 141 141 135 136 160  37  36
 123 116 119 121 128 126 123 125 134 142 146 109 117 120  95 102
  19  18  18  18  21  23  29  74 150 143 167  29  24  11 150 143
  32  31  34  35  36  36  39  83 164 142 165  29  32  15 145 136
  73  26  33  30  57  66  68  99 151 141 166  27  33  20 131 131
 163  41  33  27 105 141 145 142 143 142 160  18  36  32  37  36
 160  32  31  24  94 135 140 141 142 142 157  18  37  38  35  34
 158  37  32  22  96 137 141 142 141 142 150  25  29  30  29  28
  51  27  32  22 100 136 141 140 141 143 142 145 156 154 150 150
  31  29  30  29 103 145 142 141 141 143 142 141 140 141 139 141
  29  29  29  32 103 148 142 140 141 140 140 140 141 142 139 141
  28  28  30  27 103 146 141 139 141 140 140 141 141 141 139 139
  28  29  30  29 104 144 141 140 143 141 142 142 142 142 141 139
  28  25  23  26 117 144 141 139 141 141 141 140 139 140 140 139
  22 111 110 108  97 104 108 102 145 142 150 108 114 119 116  99
  15 147 138 141  88  19  28  51 160 144 177  29  29  27  27  28

