  11  20  25  26  24  21  28  25  21  23  26  27  18  11  25  27
 154 140  38  22  22  25  29  28  22  26  27 100 147 159 158 146
 166 170  29  21  22  29  31  29  26  28  25 125 163 169 170 167
 168 170  37  24  26  26  21  17  28  29  29 134 167 173 174 169
 167 158  31  27  26 139 118 113  66  34  25 114 166 171 171 172
 171 176  33  30  20 165 167 184  86  42  31 123 165 169 171 175
 169 163  41  38  41 166 164 174  67  43  28 116 160 164 169 169
 163 172  33  37  27 171 163 170 113  81  74 103 126 143 143 139
 164 178  34  37  36 165 165 168 167 168 162  95  14  12  10  25
 167 163  31  34  30 184 167 169 167 168 167 107  30  29  29  29
 170 179  33  32  21 166 167 168 168 165 164 103  27  27  27  39
 168 168  48  38  39 166 165 168 170 164 162 108  26  28  66 193
 168 171  33  38  24 165 166 168 167 164 163 129  35  29  62 176
 167 173  32  38  30 158 168 169 167 168 164 110  27  29  83 189
 169 161 150 135 145 166 170 169 170 171 166 109  32  29  26  48
 171 169 165 163 168 168 170 169 171 168 166 116  33  28  19  24
  11  24  29  32  31  29  31  29  30  28  31  31  22  12  26  26
 163 155  34  33  31  30  30  30  28  29  28 106 161 167 165 150
 169 181  15  32  32  31  30  29  28  29  25 125 169 170 170 171
 167 178  22  35  32  26  19  17  29  32  26 142 171 170 169 169
 167 161  22  38  23 146 122 122  63  34  24 114 169 170 169 170
 166 182  17  36  19 179 171 194  79  35  28 123 167 170 169 171
 167 170  26  35  36 186 167 183  52  30  20 126 171 170 171 173
 169 182  22  36  17 190 167 178 114  83  74 111 141 156 152 146
 168 189  21  37  28 181 168 169 170 176 172 100  15  15  13  28
 168 167  20  36  24 200 167 168 167 167 173 114  30  31  30  31
 168 188  16  36  18 178 168 168 168 167 170 113  29  31  29  46
 168 178  34  40  35 183 169 170 169 168 170 112  25  31  69 206
 170 179  15  38  16 188 169 169 167 167 172 137  31  31  60 186
 170 178  16  35  25 173 168 169 167 167 169 110  25  30  86 201
 169 161 150 144 144 175 168 168 166 167 172 115  28  31  32  52
 169 168 170 171 168 170 169 168 167 168 170 127  27  29  31  30
   9  20  23  26  28  26  27  27  25  25  25  25  18  12  25  25
 135 130  25  27  28  26  28  27  23  25  25  93 135 143 142 131
 138 150  13  29  30  28  29  29  26  27  21 109 137 140 139 142
 141 147  15  28  27  22  18  16  25  26  22 129 141 142 143 144
 143 135  17  28  20 134 102 103  60  26  19  98 143 141 143 143
 143 157  15  30  16 150 140 166  67  29  23 107 144 141 143 143
 142 143  22  32  31 155 143 154  42  28  20 107 141 140 143 142
 141 153  18  31  14 162 144 151  92  68  65  94 121 136 134 130
 142 156  17  32  26 153 143 141 140 143 143  85  14  14  12  25
 142 140  17  33  21 172 143 142 141 140 143  94  24  30  30  29
 143 164  10  31  14 154 142 140 141 142 139  97  23  29  25  38
 141 149  25  29  29 154 142 140 142 143 138  92  23  29  58 181
 140 151  12  32  15 157 141 141 142 143 144 112  27  27  50 159
 140 151  14  33  22 146 140 142 143 143 142  90  22  25  78 172
 141 136 127 122 122 146 141 141 142 142 143  95  23  26  31  45
 141 141 138 137 140 142 141 140 142 142 141 109  23  27  24  26

  27 146 167 169 172 175 169 139  25  29  39 193 176 189  48  24
  25 158 170 174 171 171 169 143  10  29  27  66  62  83  26  19
  11 159 169 173 171 169 164 143  12  29  27  28  29  29  29  28
  18 147 163 167 166 165 160 126  14  30  27  26  35  27  32  33
  27 100 125 134 114 123 116 103  95 107 103 108 129 110 109 116
  26  27  25  29  25  31  28  74 162 167 164 162 163 164 166 166
  23  26  28  29  34  42  43  81 168 168 165 164 164 168 171 168
  21  22  26  28  66  86  67 113 167 167 168 170 167 167 170 171
  25  28  29  17 113 184 174 170 168 169 168 168 168 169 169 169
  28  29  31  21 118 167 164 163 165 167 167 165 166 168 170 170
  21  25  29  26 139 165 166 171 165 184 166 166 165 158 166 168
  24  22  22  26  26  20  41  27  36  30  21  39  24  30 145 168
  26  22  21  24  27  30  38  37  37  34  32  38  38  38 135 163
  25  38  29  37  31  33  41  33  34  31  33  48  33  32 150 165
  20 140 170 170 158 176 163 172 178 163 179 168 171 173 161 169
  11 154 166 168 167 171 169 163 164 167 170 168 168 167 169 171
  26 150 171 169 170 171 173 146  28  31  46 206 186 201  52  30
  26 165 170 169 169 169 171 152  13  30  29  69  60  86  32  31
  12 167 170 170 170 170 170 156  15  31  31  31  31  30  31  29
  22 161 169 171 169 167 171 141  15  30  29  25  31  25  28  27
  31 106 125 142 114 123 126 111 100 114 113 112 137 110 115 127
  31  28  25  26  24  28  20  74 172 173 170 170 172 169 172 170
  28  29  29  32  34  35  30  83 176 167 167 168 167 167 167 168
  30  28  28  29  63  79  52 114 170 167 168 169 167 167 166 167
  29  30  29  17 122 194 183 178 169 168 168 170 169 169 168 168
  31  30  30  19 122 171 167 167 168 167 168 169 169 168 168 169
  29  30  31  26 146 179 186 190 181 200 178 183 188 173 175 170
  31  31  32  32  23  19  36  17  28  24  18  35  16  25 144 168
  32  33  32  35  38  36  35  36  37  36  36  40  38  35 144 171
  29  34  15  22  22  17  26  22  21  20  16  34  15  16 150 170
  24 155 181 178 161 182 170 182 189 167 188 178 179 178 161 168
  11 163 169 167 167 166 167 169 168 168 168 168 170 170 169 169
  25 131 142 144 143 143 142 130  25  29  38 181 159 172  45  26
  25 142 139 143 143 143 143 134  12  30  25  58  50  78  31  24
  12 143 140 142 141 141 140 136  14  30  29  29  27  25  26  27
  18 135 137 141 143 144 141 121  14  24  23  23  27  22  23  23
  25  93 109 129  98 107 107  94  85  94  97  92 112  90  95 109
  25  25  21  22  19  23  20  65 143 143 139 138 144 142 143 141
  25  25  27  26  26  29  28  68 143 140 142 143 143 143 142 142
  25  23  26  25  60  67  42  92 140 141 141 142 142 143 142 142
  27  27  29  16 103 166 154 151 141 142 140 140 141 142 141 140
  27  28  29  18 102 140 143 144 143 143 142 142 141 140 141 141
  26  26  28  22 134 150 155 162 153 172 154 154 157 146 146 142
  28  28  30  27  20  16  31  14  26  21  14  29  15  22 122 140
  26  27  29  28  28  30  32  31  32  33  31  29  32  33 122 137
  23  25  13  15  17  15  22  18  17  17  10  25  12  14 127 138
  20 130 150 147 135 157 143 153 156 140 164 149 151 151 136 141
   9 135 138 141 143 143 142 141 142 142 143 141 140 140 141 141

  24  19  28  33 116 166 168 171 169 170 168 168 163 165 169 171
  48  26  29  32 109 166 171 170 169 170 166 145 135 150 161 169
 189  83  29  27 110 164 168 167 169 168 158  30  38  32 173 167
 176  62  29  35 129 163 164 167 168 166 165  24  38  33 171 168
 193  66  28  26 108 162 164 170 168 165 166  39  38  48 168 168
  39  27  27  27 103 164 165 168 168 167 166  21  32  33 179 170
  29  29  29  30 107 167 168 167 169 167 184  30  34  31 163 167
  25  10  12  14  95 162 168 167 168 165 165  36  37  34 178 164
 139 143 143 126 103  74  81 113 170 163 171  27  37  33 172 163
 169 169 164 160 116  28  43  67 174 164 166  41  38  41 163 169
 175 171 169 165 123  31  42  86 184 167 165  20  30  33 176 171
 172 171 171 166 114  25  34  66 113 118 139  26  27  31 158 167
 169 174 173 167 134  29  29  28  17  21  26  26  24  37 170 168
 167 170 169 163 125  25  28  26  29  31  29  22  21  29 170 166
 146 158 159 147 100  27  26  22  28  29  25  22  22  38 140 154
  27  25  11  18  27  26  23  21  25  28  21  24  26  25  20  11
  30  31  29  27 127 170 168 167 168 169 170 168 171 170 168 169
  52  32  31  28 115 172 167 166 168 168 175 144 144 150 161 169
 201  86  30  25 110 169 167 167 169 168 173  25  35  16 178 170
 186  60  31  31 137 172 167 167 169 169 188  16  38  15 179 170
 206  69  31  25 112 170 168 169 170 169 183  35  40  34 178 168
  46  29  31  29 113 170 167 168 168 168 178  18  36  16 188 168
  31  30  31  30 114 173 167 167 168 167 200  24  36  20 167 168
  28  13  15  15 100 172 176 170 169 168 181  28  37  21 189 168
 146 152 156 141 111  74  83 114 178 167 190  17  36  22 182 169
 173 171 170 171 126  20  30  52 183 167 186  36  35  26 170 167
 171 169 170 167 123  28  35  79 194 171 179  19  36  17 182 166
 170 169 170 169 114  24  34  63 122 122 146  23  38  22 161 167
 169 169 170 171 142  26  32  29  17  19  26  32  35  22 178 167
 171 170 170 169 125  25  29  28  29  30  31  32  32  15 181 169
 150 165 167 161 106  28  29  28  30  30  30  31  33  34 155 163
  26  26  12  22  31  31  28  30  29  31  29  31  32  29  24  11
  26  24  27  23 109 141 142 142 140 141 142 140 137 138 141 141
  45  31  26  23  95 143 142 142 141 141 146 122 122 127 136 141
 172  78  25  22  90 142 143 143 142 140 146  22  33  14 151 140
 159  50  27  27 112 144 143 142 141 141 157  15  32  12 151 140
 181  58  29  23  92 138 143 142 140 142 154  29  29  25 149 141
  38  25  29  23  97 139 142 141 140 142 154  14  31  10 164 143
  29  30  30  24  94 143 140 141 142 143 172  21  33  17 140 142
  25  12  14  14  85 143 143 140 141 143 153  26  32  17 156 142
 130 134 136 121  94  65  68  92 151 144 162  14  31  18 153 141
 142 143 140 141 107  20  28  42 154 143 155  31  32  22 143 142
 143 143 141 144 107  23  29  67 166 140 150  16  30  15 157 143
 143 143 141 143  98  19  26  60 103 102 134  20  28  17 135 143
 144 143 142 141 129  22  26  25  16  18  22  27  28  15 147 141
 142 139 140 137 109  21  27  26  29  29  28  30  29  13 150 138
 131 142 143 135  93  25  25  23  27  28  26  28  27  25 130 135
  25  25  12  18  25  25  25  25  27  27  26  28  26  23  20   9

 171 169 167 168 168 170 167 164 163 169 171 167 168 166 154  11
 169 161 173 171 168 179 163 178 172 163 176 158 170 170 140  20
 165 150  32  33  48  33  31  34  33  41  33  31  37  29  38  25
 163 135  38  38  38  32  34  37  37  38  30  27  24  21  22  26
 168 145  30  24  39  21  30  36  27  41  20  26  26  22  22  24
 168 166 158 165 166 166 184 165 171 166 165 139  26  29  25  21
 170 170 168 166 165 167 167 165 163 164 167 118  21  31  29  28
 169 169 169 168 168 168 169 168 170 174 184 113  17  29  28  25
 171 170 167 167 170 168 167 167 113  67  86  66  28  26  22  21
 168 171 168 164 164 165 168 168  81  43  42  34  29  28  26  23
 166 166 164 163 162 164 167 162  74  28  31  25  29  25  27  26
 116 109 110 129 108 103 107  95 103 116 123 114 134 125 100  27
  33  32  27  35  26  27  30  14 126 160 165 166 167 163 147  18
  28  29  29  29  28  27  29  12 143 164 169 171 173 169 159  11
  19  26  83  62  66  27  29  10 143 169 171 171 174 170 158  25
  24  48 189 176 193  39  29  25 139 169 175 172 169 167 146  27
 169 169 170 170 168 168 168 168 169 167 166 167 167 169 163  11
 168 161 178 179 178 188 167 189 182 170 182 161 178 181 155  24
 170 150  16  15  34  16  20  21  22  26  17  22  22  15  34  29
 171 144  35  38  40  36  36  37  36  35  36  38  35  32  33  32
 168 144  25  16  35  18  24  28  17  36  19  23  32  32  31  31
 170 175 173 188 183 178 200 181 190 186 179 146  26  31  30  29
 169 168 168 169 169 168 167 168 167 167 171 122  19  30  30  31
 168 168 169 169 170 168 168 169 178 183 194 122  17  29  30  29
 167 166 167 167 169 168 167 170 114  52  79  63  29  28  28  30
 168 167 167 167 168 167 167 176  83  30  35  34  32  29  29  28
 170 172 169 172 170 170 173 172  74  20  28  24  26  25  28  31
 127 115 110 137 112 113 114 100 111 126 123 114 142 125 106  31
  27  28  25  31  25  29  30  15 141 171 167 169 171 169 161  22
  29  31  30  31  31  31  31  15 156 170 170 170 170 170 167  12
  31  32  86  60  69  29  30  13 152 171 169 169 169 170 165  26
  30  52 201 186 206  46  31  28 146 173 171 170 169 171 150  26
 141 141 140 140 141 143 142 142 141 142 143 143 141 138 135   9
 141 136 151 151 149 164 140 156 153 143 157 135 147 150 130  20
 138 127  14  12  25  10  17  17  18  22  15  17  15  13  25  23
 137 122  33  32  29  31  33  32  31  32  30  28  28  29  27  26
 140 122  22  15  29  14  21  26  14  31  16  20  27  30  28  28
 142 146 146 157 154 154 172 153 162 155 150 134  22  28  26  26
 141 141 140 141 142 142 143 143 144 143 140 102  18  29  28  27
 140 141 142 141 140 140 142 141 151 154 166 103  16  29  27  27
 142 142 143 142 142 141 141 140  92  42  67  60  25  26  23  25
 142 142 143 143 143 142 140 143  68  28  29  26  26  27  25  25
 141 143 142 144 138 139 143 143  65  20  23  19  22  21  25  25
 109  95  90 112  92  97  94  85  94 107 107  98 129 109  93  25
  23  23  22  27  23  23  24  14 121 141 144 143 141 137 135  18
  27  26  25  27  29  29  30  14 136 140 141 141 142 140 143  12
  24  31  78  50  58  25  30  12 134 143 143 143 143 139 142  25
  26  45 172 159 181  38  29  25 130 142 143 143 144 142 131  25

