  27  77 169 165 159  31  27  17  27  28  26 111 160 165 163 165
 128 136 166 172 166 145 136 151  64  31  28  64  67  64 107 166
 161 165 170 170 170 168 165 171  61  35  29  29  25  32  66 169
 165 164 165 165 172 166 168 171  61  24  23  24  26  27  75 174
 164 151 121 127 128 114 122 126 120 106 102 105 113 111 118 169
 161 134  26  24  24  19  21  17 156 156 160 165 165 166 166 167
 159 145  33  28  29  28  30  29 149 162 163 164 163 162 166 167
 160 153  35  28  28  28  29  26 164 163 162 151 137 140 149 165
 163 138  26  27  29  28  28  22 150 163 164 106  17  34  69 168
 163 158  21  24  25  25  25  29 148 164 161  97  28  35  71 169
 162 146  28  27  23  21  22  19 164 163 161 107  41  34  74 161
 159 147  25  32  28  25  25  28 143 163 162 160 159 166 124  36
 161 151  28  30  29  29  29  29 163 164 165 165 166 163 155  24
 164 134  30  30  34  25  30  18 152 162 160 166 167 165 142  22
 163 150  29  31  41 151 136 140 154 164 162 167 167 165 155 151
 161 143  29  30  43 161 158 162 165 162 163 167 168 166 167 167
  27  81 178 166 169  17  25  17  27  31  24 113 166 169 167 167
 134 140 166 166 168 145 140 160  64  31  30  66  68  66 108 172
 166 165 166 167 166 166 167 182  50  32  30  31  26  29  63 177
 167 166 169 170 172 170 171 180  59  23  21  24  26  21  75 179
 165 161 123 134 130 121 128 132 120 113 110 109 118 109 120 169
 166 139  17  25  22  21  23  13 163 167 168 168 168 169 168 166
 165 152  19  33  31  32  32  22 155 165 166 164 167 166 165 165
 164 160  20  33  31  32  32  16 175 165 167 153 141 143 147 166
 166 138  19  31  30  31  32  17 162 164 170 109  17  34  73 177
 166 170  19  33  30  31  33  23 161 165 167  91  28  30  74 177
 165 150  20  32  31  30  33  15 178 164 169 109  44  38  77 168
 166 149  18  32  32  31  31  23 150 165 164 162 164 174 127  32
 165 160  19  31  30  31  31  18 177 165 165 166 166 164 166  21
 166 143  22  31  31  30  33  10 164 164 164 165 167 165 151  17
 165 165  25  32  32 163 142 140 159 165 166 166 166 165 158 150
 165 149  20  33  37 179 165 168 165 167 167 166 166 166 167 166
  26  68 148 138 138  14  22  14  25  26  18  95 140 142 138 140
 114 119 137 140 135 120 119 140  53  27  27  56  61  58  89 144
 134 139 140 137 138 137 136 150  39  29  29  28  25  29  53 147
 137 137 137 136 142 140 138 149  47  22  20  22  23  20  63 147
 139 132 104 116 109 105 112 111 102  99  92  94 101  97 101 140
 139 114  15  22  19  20  23  11 135 137 136 138 137 140 141 138
 140 124  16  27  29  30  31  19 131 137 139 136 136 135 138 139
 141 133  17  27  28  27  29  15 147 139 139 128 123 127 127 139
 136 113  18  29  29  27  27  17 139 138 144  91  18  32  61 146
 132 139  16  27  28  29  26  20 134 140 141  74  25  29  62 141
 135 122  15  27  26  28  26   9 148 138 138  87  32  29  62 141
 139 121  13  26  27  30  29  19 127 138 133 134 134 143 105  30
 139 130  14  26  29  30  31  16 149 139 139 137 136 132 138  22
 139 111  16  29  30  26  30   9 137 138 138 137 138 135 124  16
 137 133  21  28  27 138 121 116 129 138 138 137 138 138 129 127
 138 121  15  27  32 146 134 136 137 137 137 137 138 139 136 136

 165 166 169 174 169 167 167 165 168 169 161  36  24  22 151 167
 163 107  66  75 118 166 166 149  69  71  74 124 155 142 155 167
 165  64  32  27 111 166 162 140  34  35  34 166 163 165 165 166
 160  67  25  26 113 165 163 137  17  28  41 159 166 167 167 168
 111  64  29  24 105 165 164 151 106  97 107 160 165 166 167 167
  26  28  29  23 102 160 163 162 164 161 161 162 165 160 162 163
  28  31  35  24 106 156 162 163 163 164 163 163 164 162 164 162
  27  64  61  61 120 156 149 164 150 148 164 143 163 152 154 165
  17 151 171 171 126  17  29  26  22  29  19  28  29  18 140 162
  27 136 165 168 122  21  30  29  28  25  22  25  29  30 136 158
  31 145 168 166 114  19  28  28  28  25  21  25  29  25 151 161
 159 166 170 172 128  24  29  28  29  25  23  28  29  34  41  43
 165 172 170 165 127  24  28  28  27  24  27  32  30  30  31  30
 169 166 170 165 121  26  33  35  26  21  28  25  28  30  29  29
  77 136 165 164 151 134 145 153 138 158 146 147 151 134 150 143
  27 128 161 165 164 161 159 160 163 163 162 159 161 164 163 161
 167 172 177 179 169 166 165 166 177 177 168  32  21  17 150 166
 167 108  63  75 120 168 165 147  73  74  77 127 166 151 158 167
 169  66  29  21 109 169 166 143  34  30  38 174 164 165 165 166
 166  68  26  26 118 168 167 141  17  28  44 164 166 167 166 166
 113  66  31  24 109 168 164 153 109  91 109 162 166 165 166 166
  24  30  30  21 110 168 166 167 170 167 169 164 165 164 166 167
  31  31  32  23 113 167 165 165 164 165 164 165 165 164 165 167
  27  64  50  59 120 163 155 175 162 161 178 150 177 164 159 165
  17 160 182 180 132  13  22  16  17  23  15  23  18  10 140 168
  25 140 167 171 128  23  32  32  32  33  33  31  31  33 142 165
  17 145 166 170 121  21  32  32  31  31  30  31  31  30 163 179
 169 168 166 172 130  22  31  31  30  30  31  32  30  31  32  37
 166 166 167 170 134  25  33  33  31  33  32  32  31  31  32  33
 178 166 166 169 123  17  19  20  19  19  20  18  19  22  25  20
  81 140 165 166 161 139 152 160 138 170 150 149 160 143 165 149
  27 134 166 167 165 166 165 164 166 166 165 166 165 166 165 165
 140 144 147 147 140 138 139 139 146 141 141  30  22  16 127 136
 138  89  53  63 101 141 138 127  61  62  62 105 138 124 129 136
 142  58  29  20  97 140 135 127  32  29  29 143 132 135 138 139
 140  61  25  23 101 137 136 123  18  25  32 134 136 138 138 138
  95  56  28  22  94 138 136 128  91  74  87 134 137 137 137 137
  18  27  29  20  92 136 139 139 144 141 138 133 139 138 138 137
  26  27  29  22  99 137 137 139 138 140 138 138 139 138 138 137
  25  53  39  47 102 135 131 147 139 134 148 127 149 137 129 137
  14 140 150 149 111  11  19  15  17  20   9  19  16   9 116 136
  22 119 136 138 112  23  31  29  27  26  26  29  31  30 121 134
  14 120 137 140 105  20  30  27  27  29  28  30  30  26 138 146
 138 135 138 142 109  19  29  28  29  28  26  27  29  30  27  32
 138 140 137 136 116  22  27  27  29  27  27  26  26  29  28  27
 148 137 140 137 104  15  16  17  18  16  15  13  14  16  21  15
  68 119 139 137 132 114 124 133 113 139 122 121 130 111 133 121
  26 114 134 137 139 139 140 141 136 132 135 139 139 139 137 138

 167 167 166 168 167 163 162 165 162 158 161  43  30  29 143 161
 151 155 165 167 167 162 164 154 140 136 151  41  31  29 150 163
  22 142 165 167 166 160 162 152  18  30  25  34  30  30 134 164
  24 155 163 166 165 165 164 163  29  29  29  29  30  28 151 161
  36 124 166 159 160 162 163 143  28  25  25  28  32  25 147 159
 161  74  34  41 107 161 163 164  19  22  21  23  27  28 146 162
 169  71  35  28  97 161 164 148  29  25  25  25  24  21 158 163
 168  69  34  17 106 164 163 150  22  28  28  29  27  26 138 163
 165 149 140 137 151 162 163 164  26  29  28  28  28  35 153 160
 167 166 162 163 164 163 162 149  29  30  28  29  28  33 145 159
 167 166 166 165 165 160 156 156  17  21  19  24  24  26 134 161
 169 118 111 113 105 102 106 120 126 122 114 128 127 121 151 164
 174  75  27  26  24  23  24  61 171 168 166 172 165 165 164 165
 169  66  32  25  29  29  35  61 171 165 168 170 170 170 165 161
 166 107  64  67  64  28  31  64 151 136 145 166 172 166 136 128
 165 163 165 160 111  26  28  27  17  27  31 159 165 169  77  27
 166 167 166 166 166 167 167 165 168 165 179  37  33  20 149 165
 150 158 165 166 166 166 165 159 140 142 163  32  32  25 165 165
  17 151 165 167 165 164 164 164  10  33  30  31  31  22 143 166
  21 166 164 166 166 165 165 177  18  31  31  30  31  19 160 165
  32 127 174 164 162 164 165 150  23  31  31  32  32  18 149 166
 168  77  38  44 109 169 164 178  15  33  30  31  32  20 150 165
 177  74  30  28  91 167 165 161  23  33  31  30  33  19 170 166
 177  73  34  17 109 170 164 162  17  32  31  30  31  19 138 166
 166 147 143 141 153 167 165 175  16  32  32  31  33  20 160 164
 165 165 166 167 164 166 165 155  22  32  32  31  33  19 152 165
 166 168 169 168 168 168 167 163  13  23  21  22  25  17 139 166
 169 120 109 118 109 110 113 120 132 128 121 130 134 123 161 165
 179  75  21  26  24  21  23  59 180 171 170 172 170 169 166 167
 177  63  29  26  31  30  32  50 182 167 166 166 167 166 165 166
 172 108  66  68  66  30  31  64 160 140 145 168 166 166 140 134
 167 167 169 166 113  24  31  27  17  25  17 169 166 178  81  27
 136 136 139 138 137 137 137 137 136 134 146  32  27  15 121 138
 127 129 138 138 137 138 138 129 116 121 138  27  28  21 133 137
  16 124 135 138 137 138 138 137   9  30  26  30  29  16 111 139
  22 138 132 136 137 139 139 149  16  31  30  29  26  14 130 139
  30 105 143 134 134 133 138 127  19  29  30  27  26  13 121 139
 141  62  29  32  87 138 138 148   9  26  28  26  27  15 122 135
 141  62  29  25  74 141 140 134  20  26  29  28  27  16 139 132
 146  61  32  18  91 144 138 139  17  27  27  29  29  18 113 136
 139 127 127 123 128 139 139 147  15  29  27  28  27  17 133 141
 139 138 135 136 136 139 137 131  19  31  30  29  27  16 124 140
 138 141 140 137 138 136 137 135  11  23  20  19  22  15 114 139
 140 101  97 101  94  92  99 102 111 112 105 109 116 104 132 139
 147  63  20  23  22  20  22  47 149 138 140 142 136 137 137 137
 147  53  29  25  28  29  29  39 150 136 137 138 137 140 139 134
 144  89  58  61  56  27  27  53 140 119 120 135 140 137 119 114
 140 138 142 140  95  18  26  25  14  22  14 138 138 148  68  26

 161 163 164 161 159 162 163 163 160 159 161 164 165 161 128  27
 143 150 134 151 147 146 158 138 153 145 134 151 164 165 136  77
  29  29  30  28  25  28  21  26  35  33  26 121 165 170 166 169
  30  31  30  30  32  27  24  27  28  28  24 127 165 170 172 165
  43  41  34  29  28  23  25  29  28  29  24 128 172 170 166 159
 161 151  25  29  25  21  25  28  28  28  19 114 166 168 145  31
 158 136  30  29  25  22  25  28  29  30  21 122 168 165 136  27
 162 140  18  29  28  19  29  22  26  29  17 126 171 171 151  17
 165 154 152 163 143 164 148 150 164 149 156 120  61  61  64  27
 162 164 162 164 163 163 164 163 163 162 156 106  24  35  31  28
 163 162 160 165 162 161 161 164 162 163 160 102  23  29  28  26
 167 167 166 165 160 107  97 106 151 164 165 105  24  29  64 111
 168 167 167 166 159  41  28  17 137 163 165 113  26  25  67 160
 166 165 165 163 166  34  35  34 140 162 166 111  27  32  64 165
 167 155 142 155 124  74  71  69 149 166 166 118  75  66 107 163
 167 151  22  24  36 161 169 168 165 167 167 169 174 169 166 165
 165 165 166 165 166 165 166 166 164 165 166 165 167 166 134  27
 149 165 143 160 149 150 170 138 160 152 139 161 166 165 140  81
  20  25  22  19  18  20  19  19  20  19  17 123 169 166 166 178
  33  32  31  31  32  32  33  31  33  33  25 134 170 167 166 166
  37  32  31  30  32  31  30  30  31  31  22 130 172 166 168 169
 179 163  30  31  31  30  31  31  32  32  21 121 170 166 145  17
 165 142  33  31  31  33  33  32  32  32  23 128 171 167 140  25
 168 140  10  18  23  15  23  17  16  22  13 132 180 182 160  17
 165 159 164 177 150 178 161 162 175 155 163 120  59  50  64  27
 167 165 164 165 165 164 165 164 165 165 167 113  23  32  31  31
 167 166 164 165 164 169 167 170 167 166 168 110  21  30  30  24
 166 166 165 166 162 109  91 109 153 164 168 109  24  31  66 113
 166 166 167 166 164  44  28  17 141 167 168 118  26  26  68 166
 166 165 165 164 174  38  30  34 143 166 169 109  21  29  66 169
 167 158 151 166 127  77  74  73 147 165 168 120  75  63 108 167
 166 150  17  21  32 168 177 177 166 165 166 169 179 177 172 167
 138 137 139 139 139 135 132 136 141 140 139 139 137 134 114  26
 121 133 111 130 121 122 139 113 133 124 114 132 137 139 119  68
  15  21  16  14  13  15  16  18  17  16  15 104 137 140 137 148
  27  28  29  26  26  27  27  29  27  27  22 116 136 137 140 138
  32  27  30  29  27  26  28  29  28  29  19 109 142 138 135 138
 146 138  26  30  30  28  29  27  27  30  20 105 140 137 120  14
 134 121  30  31  29  26  26  27  29  31  23 112 138 136 119  22
 136 116   9  16  19   9  20  17  15  19  11 111 149 150 140  14
 137 129 137 149 127 148 134 139 147 131 135 102  47  39  53  25
 137 138 138 139 138 138 140 138 139 137 137  99  22  29  27  26
 137 138 138 139 133 138 141 144 139 139 136  92  20  29  27  18
 137 137 137 137 134  87  74  91 128 136 138  94  22  28  56  95
 138 138 138 136 134  32  25  18 123 136 137 101  23  25  61 140
 139 138 135 132 143  29  29  32 127 135 140  97  20  29  58 142
 136 129 124 138 105  62  62  61 127 138 141 101  63  53  89 138
 136 127  16  22  30 141 141 146 139 139 138 140 147 147 144 140

