  34  36  31  38  39  39  45  42  49 107 169 167 173 173 170 168
  30  37 101 176 165 162 170 104  50  98 171 169 173 173 172 171
  27  32  97 171 160 160 170  89  55  96 174 170 172 172 172 170
  27  32  92 175 165 164 175  79  53 111 166 167 172 171 171 170
  26  30  84 174 160 157 173  80  55 109 164 166 170 171 171 170
  24  32  76 147 144 152 166  76  47 106 167 166 171 171 172 171
  24  30  28  12  13  16  20  34  40 103 169 168 173 171 173 173
  29  29  31  32  34  34  34  33  35 100 169 168 173 172 174 173
  30  31  32  28  22  30  31  33  38 115 169 167 174 172 173 170
  30  39  42  99  92  77  89  62  45 111 171 166 173 172 171 168
  30  46  83 194 175 166 179  92  51 107 172 166 170 170 170 170
  31  31  90 172 165 164 169  89  51 100 172 168 170 169 169 171
  30  27 100 164 164 163 172  94  50  93 174 169 169 169 171 171
  29  25  95 172 162 162 184  72  48 100 168 170 169 170 171 170
  27  26  65  94  85  84 119  56  47 112 163 166 167 171 172 171
  27  29  27  23  23  28  17  29  41 108 162 163 163 167 169 166
  33  34  29  42  37  38  47  36  37 103 179 167 166 166 166 168
  33  31  93 189 168 167 177 101  28  93 181 166 167 167 167 168
  32  29  90 185 165 164 184  80  28  91 184 167 168 168 168 169
  32  28  89 187 165 164 190  63  29 112 177 167 168 166 167 168
  32  28  82 188 165 164 189  67  30 109 177 167 167 167 166 167
  33  34  72 152 149 159 175  65  32 103 177 167 167 168 167 167
  34  35  28  12  12  16  21  32  32  98 180 168 168 169 167 167
  33  32  33  34  36  35  36  37  30  93 179 168 169 168 168 169
  33  33  32  31  23  28  29  33  30 105 180 167 168 168 168 169
  33  36  39 106  99  82  94  57  31 101 183 168 169 169 167 168
  33  34  78 205 182 176 195  89  30 100 185 168 169 168 168 168
  34  26  86 186 165 165 185  85  31  96 183 167 168 168 167 169
  33  26 101 175 164 165 188  88  32  89 186 167 167 167 166 168
  32  25  98 188 176 176 200  64  29 101 179 166 167 166 166 167
  29  26  68 108  95  92 129  56  30 112 172 166 167 166 166 166
  30  30  29  24  25  26  17  33  28 106 176 166 167 168 167 168
  33  32  25  34  32  32  40  28  25  96 149 144 142 143 143 142
  32  25  86 165 147 145 158  84  19  86 149 143 142 142 143 143
  29  21  83 158 137 136 153  65  22  83 154 142 142 142 142 142
  30  22  82 161 139 139 156  54  22  98 151 143 141 142 141 141
  31  22  77 164 138 136 157  60  23  95 152 143 142 143 142 141
  28  27  70 143 136 140 156  62  23  90 152 144 143 144 144 143
  26  31  28  12  12  16  18  31  23  84 151 143 143 142 143 144
  26  30  32  31  33  35  34  34  24  79 151 142 142 142 142 142
  27  29  30  23  19  27  27  32  24  90 151 142 143 143 142 142
  29  29  33  89  80  66  81  55  23  85 154 142 142 144 144 143
  28  26  69 176 149 148 167  82  20  83 156 142 142 144 144 143
  27  18  76 152 138 139 156  77  17  80 156 142 141 143 143 143
  28  19  88 147 141 141 161  80  19  73 156 142 142 142 142 143
  28  20  85 164 148 149 172  55  19  80 152 142 143 143 143 143
  26  24  61  98  84  81 116  47  22  89 150 142 144 142 142 141
  26  28  24  24  26  26  16  30  25  86 152 143 143 141 141 140

 168 171 170 170 170 171 173 173 170 168 170 171 171 170 171 166
 170 172 172 171 171 172 173 174 173 171 170 169 171 171 172 169
 173 173 172 171 171 171 171 172 172 172 170 169 169 170 171 167
 173 173 172 172 170 171 173 173 174 173 170 170 169 169 167 163
 167 169 170 167 166 166 168 168 167 166 166 168 169 170 166 163
 169 171 174 166 164 167 169 169 169 171 172 172 174 168 163 162
 107  98  96 111 109 106 103 100 115 111 107 100  93 100 112 108
  49  50  55  53  55  47  40  35  38  45  51  51  50  48  47  41
  42 104  89  79  80  76  34  33  33  62  92  89  94  72  56  29
  45 170 170 175 173 166  20  34  31  89 179 169 172 184 119  17
  39 162 160 164 157 152  16  34  30  77 166 164 163 162  84  28
  39 165 160 165 160 144  13  34  22  92 175 165 164 162  85  23
  38 176 171 175 174 147  12  32  28  99 194 172 164 172  94  23
  31 101  97  92  84  76  28  31  32  42  83  90 100  95  65  27
  36  37  32  32  30  32  30  29  31  39  46  31  27  25  26  29
  34  30  27  27  26  24  24  29  30  30  30  31  30  29  27  27
 168 168 169 168 167 167 167 169 169 168 168 169 168 167 166 168
 166 167 168 167 166 167 167 168 168 167 168 167 166 166 166 167
 166 167 168 166 167 168 169 168 168 169 168 168 167 166 166 168
 166 167 168 168 167 167 168 169 168 169 169 168 167 167 167 167
 167 166 167 167 167 167 168 168 167 168 168 167 167 166 166 166
 179 181 184 177 177 177 180 179 180 183 185 183 186 179 172 176
 103  93  91 112 109 103  98  93 105 101 100  96  89 101 112 106
  37  28  28  29  30  32  32  30  30  31  30  31  32  29  30  28
  36 101  80  63  67  65  32  37  33  57  89  85  88  64  56  33
  47 177 184 190 189 175  21  36  29  94 195 185 188 200 129  17
  38 167 164 164 164 159  16  35  28  82 176 165 165 176  92  26
  37 168 165 165 165 149  12  36  23  99 182 165 164 176  95  25
  42 189 185 187 188 152  12  34  31 106 205 186 175 188 108  24
  29  93  90  89  82  72  28  33  32  39  78  86 101  98  68  29
  34  31  29  28  28  34  35  32  33  36  34  26  26  25  26  30
  33  33  32  32  32  33  34  33  33  33  33  34  33  32  29  30
 142 143 142 141 141 143 144 142 142 143 143 143 143 143 141 140
 143 143 142 141 142 144 143 142 142 144 144 143 142 143 142 141
 143 142 142 142 143 144 142 142 143 144 144 143 142 143 142 141
 142 142 142 141 142 143 143 142 143 142 142 141 142 143 144 143
 144 143 142 143 143 144 143 142 142 142 142 142 142 142 142 143
 149 149 154 151 152 152 151 151 151 154 156 156 156 152 150 152
  96  86  83  98  95  90  84  79  90  85  83  80  73  80  89  86
  25  19  22  22  23  23  23  24  24  23  20  17  19  19  22  25
  28  84  65  54  60  62  31  34  32  55  82  77  80  55  47  30
  40 158 153 156 157 156  18  34  27  81 167 156 161 172 116  16
  32 145 136 139 136 140  16  35  27  66 148 139 141 149  81  26
  32 147 137 139 138 136  12  33  19  80 149 138 141 148  84  26
  34 165 158 161 164 143  12  31  23  89 176 152 147 164  98  24
  25  86  83  82  77  70  28  32  30  33  69  76  88  85  61  24
  32  25  21  22  22  27  31  30  29  29  26  18  19  20  24  28
  33  32  29  30  31  28  26  26  27  29  28  27  28  28  26  26

 166 169 167 163 163 162 108  41  29  17  28  23  23  27  29  27
 171 172 171 167 166 163 112  47  56 119  84  85  94  65  26  27
 170 171 170 169 170 168 100  48  72 184 162 162 172  95  25  29
 171 171 169 169 169 174  93  50  94 172 163 164 164 100  27  30
 171 169 169 170 168 172 100  51  89 169 164 165 172  90  31  31
 170 170 170 170 166 172 107  51  92 179 166 175 194  83  46  30
 168 171 172 173 166 171 111  45  62  89  77  92  99  42  39  30
 170 173 172 174 167 169 115  38  33  31  30  22  28  32  31  30
 173 174 172 173 168 169 100  35  33  34  34  34  32  31  29  29
 173 173 171 173 168 169 103  40  34  20  16  13  12  28  30  24
 171 172 171 171 166 167 106  47  76 166 152 144 147  76  32  24
 170 171 171 170 166 164 109  55  80 173 157 160 174  84  30  26
 170 171 171 172 167 166 111  53  79 175 164 165 175  92  32  27
 170 172 172 172 170 174  96  55  89 170 160 160 171  97  32  27
 171 172 173 173 169 171  98  50 104 170 162 165 176 101  37  30
 168 170 173 173 167 169 107  49  42  45  39  39  38  31  36  34
 168 167 168 167 166 176 106  28  33  17  26  25  24  29  30  30
 166 166 166 167 166 172 112  30  56 129  92  95 108  68  26  29
 167 166 166 167 166 179 101  29  64 200 176 176 188  98  25  32
 168 166 167 167 167 186  89  32  88 188 165 164 175 101  26  33
 169 167 168 168 167 183  96  31  85 185 165 165 186  86  26  34
 168 168 168 169 168 185 100  30  89 195 176 182 205  78  34  33
 168 167 169 169 168 183 101  31  57  94  82  99 106  39  36  33
 169 168 168 168 167 180 105  30  33  29  28  23  31  32  33  33
 169 168 168 169 168 179  93  30  37  36  35  36  34  33  32  33
 167 167 169 168 168 180  98  32  32  21  16  12  12  28  35  34
 167 167 168 167 167 177 103  32  65 175 159 149 152  72  34  33
 167 166 167 167 167 177 109  30  67 189 164 165 188  82  28  32
 168 167 166 168 167 177 112  29  63 190 164 165 187  89  28  32
 169 168 168 168 167 184  91  28  80 184 164 165 185  90  29  32
 168 167 167 167 166 181  93  28 101 177 167 168 189  93  31  33
 168 166 166 166 167 179 103  37  36  47  38  37  42  29  34  33
 140 141 141 143 143 152  86  25  30  16  26  26  24  24  28  26
 141 142 142 144 142 150  89  22  47 116  81  84  98  61  24  26
 143 143 143 143 142 152  80  19  55 172 149 148 164  85  20  28
 143 142 142 142 142 156  73  19  80 161 141 141 147  88  19  28
 143 143 143 141 142 156  80  17  77 156 139 138 152  76  18  27
 143 144 144 142 142 156  83  20  82 167 148 149 176  69  26  28
 143 144 144 142 142 154  85  23  55  81  66  80  89  33  29  29
 142 142 143 143 142 151  90  24  32  27  27  19  23  30  29  27
 142 142 142 142 142 151  79  24  34  34  35  33  31  32  30  26
 144 143 142 143 143 151  84  23  31  18  16  12  12  28  31  26
 143 144 144 143 144 152  90  23  62 156 140 136 143  70  27  28
 141 142 143 142 143 152  95  23  60 157 136 138 164  77  22  31
 141 141 142 141 143 151  98  22  54 156 139 139 161  82  22  30
 142 142 142 142 142 154  83  22  65 153 136 137 158  83  21  29
 143 143 142 142 143 149  86  19  84 158 145 147 165  86  25  32
 142 143 143 142 144 149  96  25  28  40  32  32  34  25  32  33

  27  27  29  30  31  30  30  30  29  24  24  26  27  27  30  34
  29  26  25  27  31  46  39  31  29  30  32  30  32  32  37  36
  27  65  95 100  90  83  42  32  31  28  76  84  92  97 101  31
  23  94 172 164 172 194  99  28  32  12 147 174 175 171 176  38
  23  85 162 164 165 175  92  22  34  13 144 160 165 160 165  39
  28  84 162 163 164 166  77  30  34  16 152 157 164 160 162  39
  17 119 184 172 169 179  89  31  34  20 166 173 175 170 170  45
  29  56  72  94  89  92  62  33  33  34  76  80  79  89 104  42
  41  47  48  50  51  51  45  38  35  40  47  55  53  55  50  49
 108 112 100  93 100 107 111 115 100 103 106 109 111  96  98 107
 162 163 168 174 172 172 171 169 169 169 167 164 166 174 171 169
 163 166 170 169 168 166 166 167 168 168 166 166 167 170 169 167
 163 167 169 169 170 170 173 174 173 173 171 170 172 172 173 173
 167 171 170 169 169 170 172 172 172 171 171 171 171 172 173 173
 169 172 171 171 169 170 171 173 174 173 172 171 171 172 172 170
 166 171 170 171 171 170 168 170 173 173 171 170 170 170 171 168
  30  29  32  33  34  33  33  33  33  34  33  32  32  32  33  33
  30  26  25  26  26  34  36  33  32  35  34  28  28  29  31  34
  29  68  98 101  86  78  39  32  33  28  72  82  89  90  93  29
  24 108 188 175 186 205 106  31  34  12 152 188 187 185 189  42
  25  95 176 164 165 182  99  23  36  12 149 165 165 165 168  37
  26  92 176 165 165 176  82  28  35  16 159 164 164 164 167  38
  17 129 200 188 185 195  94  29  36  21 175 189 190 184 177  47
  33  56  64  88  85  89  57  33  37  32  65  67  63  80 101  36
  28  30  29  32  31  30  31  30  30  32  32  30  29  28  28  37
 106 112 101  89  96 100 101 105  93  98 103 109 112  91  93 103
 176 172 179 186 183 185 183 180 179 180 177 177 177 184 181 179
 166 166 166 167 167 168 168 167 168 168 167 167 167 167 166 167
 167 167 167 167 168 169 169 168 169 168 167 167 168 168 167 166
 168 166 166 167 168 168 169 168 168 169 168 167 166 168 167 166
 167 166 166 166 167 168 167 168 168 167 167 166 167 168 167 166
 168 166 167 168 169 168 168 169 169 167 167 167 168 169 168 168
  26  26  28  28  27  28  29  27  26  26  28  31  30  29  32  33
  28  24  20  19  18  26  29  29  30  31  27  22  22  21  25  32
  24  61  85  88  76  69  33  30  32  28  70  77  82  83  86  25
  24  98 164 147 152 176  89  23  31  12 143 164 161 158 165  34
  26  84 148 141 138 149  80  19  33  12 136 138 139 137 147  32
  26  81 149 141 139 148  66  27  35  16 140 136 139 136 145  32
  16 116 172 161 156 167  81  27  34  18 156 157 156 153 158  40
  30  47  55  80  77  82  55  32  34  31  62  60  54  65  84  28
  25  22  19  19  17  20  23  24  24  23  23  23  22  22  19  25
  86  89  80  73  80  83  85  90  79  84  90  95  98  83  86  96
 152 150 152 156 156 156 154 151 151 151 152 152 151 154 149 149
 143 142 142 142 142 142 142 142 142 143 144 143 143 142 143 144
 143 144 143 142 141 142 142 143 142 143 143 142 141 142 142 142
 141 142 143 142 143 144 144 143 142 142 144 143 142 142 142 143
 141 142 143 142 143 144 144 142 142 143 144 142 141 142 143 143
 140 141 143 143 143 143 143 142 142 144 143 141 141 142 143 142

