  51  42  33  49  38 149 164 166 130  42  48  84 176 163 168 171
 171 175 177 168 171 161 166 167 117  43  41  32  38  56  72 173
 166 165 166 170 170 165 167 176 119  36  34  32  33  34  60 179
 167 163 165 166 164 168 166 166 117  30  29  26  31  35  45 207
 166 170  80  81  82 158 163 162 160 157 141 130  29  33  41 101
 163 170  53  36  23 171 166 169 168 171 168 168  26  34  33  29
 162 179  34  32  24 166 168 172 170 168 168 158  25  28  22  24
 164 168 121 113 100 155 169 171 171 169 167 147  98 105  98  83
 167 167 175 178 175 170 170 170 172 171 173 171 174 176 174 171
 168 166 167 168 166 170 166 166 168 168 168 168 168 167 168 165
 165 162 152 162 155 158 158 152 157 165 154 162 162 158 162 165
 167 168  36  30  32  28  30  39  26  39  43  25  32  37  47 168
 166 166  40  38  32  35  36  36  34  33  31  30  31  38  43 185
 166 180  28  35  26  25  31  24  30  30  29  30  29  35  34 192
 166 169 158 153 158 156 148 155 162 158 160 148  25  33  35  77
 167 170 172 170 171 172 169 168 173 171 165 183  27  30  27  15
  44  42  35  45  31 159 163 169 131  26  32  85 189 172 164 164
 167 175 180 167 170 167 164 167 111  27  32  37  50  62  62 176
 164 164 165 165 165 166 166 181 111  28  33  33  34  32  55 183
 164 164 166 170 167 165 166 172 114  22  27  25  33  32  35 211
 164 178  75  84  82 161 165 164 153 148 139 135  23  32  37 107
 164 178  37  33  12 175 165 165 167 168 164 177  20  33  33  26
 165 187  15  27  16 177 165 166 166 166 166 157  12  24  23  22
 164 171 105 109  94 163 165 165 166 166 165 148  87  97  97  84
 165 166 170 174 171 166 166 166 166 165 165 168 172 172 169 172
 165 165 166 167 165 166 166 166 165 166 165 166 165 165 166 166
 164 165 152 168 163 162 163 164 165 171 160 169 170 167 165 170
 164 176  33  31  38  29  32  47  28  39  45  28  39  40  41 176
 164 175  23  37  36  35  34  36  34  32  32  32  33  34  39 191
 164 186  15  33  29  26  34  25  28  29  29  31  26  31  31 205
 165 168 149 151 157 155 150 156 154 154 158 149  20  30  32  88
 165 164 166 167 165 165 164 165 166 166 164 184  18  30  25  21
  40  36  27  36  26 137 143 146 123  22  28  76 175 153 144 141
 145 152 155 139 146 142 144 142 105  26  32  36  46  57  56 153
 139 142 141 140 140 142 143 163 100  28  33  34  34  31  48 164
 143 145 144 149 147 141 142 151  97  19  25  25  30  31  32 199
 143 158  67  79  77 140 142 143 130 131 121 124  21  30  38 101
 142 157  36  35  14 159 143 144 140 143 140 154  19  29  32  26
 143 165  13  25  14 157 143 145 143 144 144 134  12  21  22  20
 143 143  88  94  78 139 144 146 145 145 145 124  74  81  83  72
 143 139 143 148 145 142 144 146 145 146 146 142 145 146 144 147
 143 142 141 139 141 143 142 143 142 143 143 143 142 142 142 145
 143 145 136 152 152 150 152 146 153 155 145 152 154 150 149 147
 145 154  28  30  37  34  37  46  28  37  45  31  38  37  38 154
 143 153  21  33  36  38  40  37  35  32  32  33  33  33  33 172
 142 158  13  28  25  24  30  23  26  28  26  26  26  31  27 194
 143 140 127 127 136 134 130 137 133 136 136 135  19  30  28  91
 142 141 141 140 139 140 140 140 141 140 138 172  15  28  24  25

 171 173 179 207 101  29  24  83 171 165 165 168 185 192  77  15
 168  72  60  45  41  33  22  98 174 168 162  47  43  34  35  27
 163  56  34  35  33  34  28 105 176 167 158  37  38  35  33  30
 176  38  33  31  29  26  25  98 174 168 162  32  31  29  25  27
  84  32  32  26 130 168 158 147 171 168 162  25  30  30 148 183
  48  41  34  29 141 168 168 167 173 168 154  43  31  29 160 165
  42  43  36  30 157 171 168 169 171 168 165  39  33  30 158 171
 130 117 119 117 160 168 170 171 172 168 157  26  34  30 162 173
 166 167 176 166 162 169 172 171 170 166 152  39  36  24 155 168
 164 166 167 166 163 166 168 169 170 166 158  30  36  31 148 169
 149 161 165 168 158 171 166 155 170 170 158  28  35  25 156 172
  38 171 170 164  82  23  24 100 175 166 155  32  32  26 158 171
  49 168 170 166  81  36  32 113 178 168 162  30  38  35 153 170
  33 177 166 165  80  53  34 121 175 167 152  36  40  28 158 172
  42 175 165 163 170 170 179 168 167 166 162 168 166 180 169 170
  51 171 166 167 166 163 162 164 167 168 165 167 166 166 166 167
 164 176 183 211 107  26  22  84 172 166 170 176 191 205  88  21
 164  62  55  35  37  33  23  97 169 166 165  41  39  31  32  25
 172  62  32  32  32  33  24  97 172 165 167  40  34  31  30  30
 189  50  34  33  23  20  12  87 172 165 170  39  33  26  20  18
  85  37  33  25 135 177 157 148 168 166 169  28  32  31 149 184
  32  32  33  27 139 164 166 165 165 165 160  45  32  29 158 164
  26  27  28  22 148 168 166 166 165 166 171  39  32  29 154 166
 131 111 111 114 153 167 166 166 166 165 165  28  34  28 154 166
 169 167 181 172 164 165 166 165 166 166 164  47  36  25 156 165
 163 164 166 166 165 165 165 165 166 166 163  32  34  34 150 164
 159 167 166 165 161 175 177 163 166 166 162  29  35  26 155 165
  31 170 165 167  82  12  16  94 171 165 163  38  36  29 157 165
  45 167 165 170  84  33  27 109 174 167 168  31  37  33 151 167
  35 180 165 166  75  37  15 105 170 166 152  33  23  15 149 166
  42 175 164 164 178 178 187 171 166 165 165 176 175 186 168 164
  44 167 164 164 164 164 165 164 165 165 164 164 164 164 165 165
 141 153 164 199 101  26  20  72 147 145 147 154 172 194  91  25
 144  56  48  32  38  32  22  83 144 142 149  38  33  27  28  24
 153  57  31  31  30  29  21  81 146 142 150  37  33  31  30  28
 175  46  34  30  21  19  12  74 145 142 154  38  33  26  19  15
  76  36  34  25 124 154 134 124 142 143 152  31  33  26 135 172
  28  32  33  25 121 140 144 145 146 143 145  45  32  26 136 138
  22  26  28  19 131 143 144 145 146 143 155  37  32  28 136 140
 123 105 100  97 130 140 143 145 145 142 153  28  35  26 133 141
 146 142 163 151 143 144 145 146 146 143 146  46  37  23 137 140
 143 144 143 142 142 143 143 144 144 142 152  37  40  30 130 140
 137 142 142 141 140 159 157 139 142 143 150  34  38  24 134 140
  26 146 140 147  77  14  14  78 145 141 152  37  36  25 136 139
  36 139 140 149  79  35  25  94 148 139 152  30  33  28 127 140
  27 155 141 144  67  36  13  88 143 141 136  28  21  13 127 141
  36 152 142 145 158 157 165 143 139 142 145 154 153 158 140 141
  40 145 139 143 143 142 143 143 143 143 143 145 143 142 143 142

  15  27  30  27 183 165 171 173 168 169 172 171 170 172 170 167
  77  35  33  25 148 160 158 162 155 148 156 158 153 158 169 166
 192  34  35  29  30  29  30  30  24  31  25  26  35  28 180 166
 185  43  38  31  30  31  33  34  36  36  35  32  38  40 166 166
 168  47  37  32  25  43  39  26  39  30  28  32  30  36 168 167
 165 162 158 162 162 154 165 157 152 158 158 155 162 152 162 165
 165 168 167 168 168 168 168 168 166 166 170 166 168 167 166 168
 171 174 176 174 171 173 171 172 170 170 170 175 178 175 167 167
  83  98 105  98 147 167 169 171 171 169 155 100 113 121 168 164
  24  22  28  25 158 168 168 170 172 168 166  24  32  34 179 162
  29  33  34  26 168 168 171 168 169 166 171  23  36  53 170 163
 101  41  33  29 130 141 157 160 162 163 158  82  81  80 170 166
 207  45  35  31  26  29  30 117 166 166 168 164 166 165 163 167
 179  60  34  33  32  34  36 119 176 167 165 170 170 166 165 166
 173  72  56  38  32  41  43 117 167 166 161 171 168 177 175 171
 171 168 163 176  84  48  42 130 166 164 149  38  49  33  42  51
  21  25  30  18 184 164 166 166 165 164 165 165 167 166 164 165
  88  32  30  20 149 158 154 154 156 150 155 157 151 149 168 165
 205  31  31  26  31  29  29  28  25  34  26  29  33  15 186 164
 191  39  34  33  32  32  32  34  36  34  35  36  37  23 175 164
 176  41  40  39  28  45  39  28  47  32  29  38  31  33 176 164
 170 165 167 170 169 160 171 165 164 163 162 163 168 152 165 164
 166 166 165 165 166 165 166 165 166 166 166 165 167 166 165 165
 172 169 172 172 168 165 165 166 166 166 166 171 174 170 166 165
  84  97  97  87 148 165 166 166 165 165 163  94 109 105 171 164
  22  23  24  12 157 166 166 166 166 165 177  16  27  15 187 165
  26  33  33  20 177 164 168 167 165 165 175  12  33  37 178 164
 107  37  32  23 135 139 148 153 164 165 161  82  84  75 178 164
 211  35  32  33  25  27  22 114 172 166 165 167 170 166 164 164
 183  55  32  34  33  33  28 111 181 166 166 165 165 165 164 164
 176  62  62  50  37  32  27 111 167 164 167 170 167 180 175 167
 164 164 172 189  85  32  26 131 169 163 159  31  45  35  42  44
  25  24  28  15 172 138 140 141 140 140 140 139 140 141 141 142
  91  28  30  19 135 136 136 133 137 130 134 136 127 127 140 143
 194  27  31  26  26  26  28  26  23  30  24  25  28  13 158 142
 172  33  33  33  33  32  32  35  37  40  38  36  33  21 153 143
 154  38  37  38  31  45  37  28  46  37  34  37  30  28 154 145
 147 149 150 154 152 145 155 153 146 152 150 152 152 136 145 143
 145 142 142 142 143 143 143 142 143 142 143 141 139 141 142 143
 147 144 146 145 142 146 146 145 146 144 142 145 148 143 139 143
  72  83  81  74 124 145 145 145 146 144 139  78  94  88 143 143
  20  22  21  12 134 144 144 143 145 143 157  14  25  13 165 143
  26  32  29  19 154 140 143 140 144 143 159  14  35  36 157 142
 101  38  30  21 124 121 131 130 143 142 140  77  79  67 158 143
 199  32  31  30  25  25  19  97 151 142 141 147 149 144 145 143
 164  48  31  34  34  33  28 100 163 143 142 140 140 141 142 139
 153  56  57  46  36  32  26 105 142 144 142 146 139 155 152 145
 141 144 153 175  76  28  22 123 146 143 137  26  36  27  36  40

 167 166 166 166 167 165 168 167 164 162 163 166 167 166 171  51
 170 169 180 166 168 162 166 167 168 179 170 170 163 165 175  42
 172 158  28  40  36 152 167 175 121  34  53  80 165 166 177  33
 170 153  35  38  30 162 168 178 113  32  36  81 166 170 168  49
 171 158  26  32  32 155 166 175 100  24  23  82 164 170 171  38
 172 156  25  35  28 158 170 170 155 166 171 158 168 165 161 149
 169 148  31  36  30 158 166 170 169 168 166 163 166 167 166 164
 168 155  24  36  39 152 166 170 171 172 169 162 166 176 167 166
 173 162  30  34  26 157 168 172 171 170 168 160 117 119 117 130
 171 158  30  33  39 165 168 171 169 168 171 157  30  36  43  42
 165 160  29  31  43 154 168 173 167 168 168 141  29  34  41  48
 183 148  30  30  25 162 168 171 147 158 168 130  26  32  32  84
  27  25  29  31  32 162 168 174  98  25  26  29  31  33  38 176
  30  33  35  38  37 158 167 176 105  28  34  33  35  34  56 163
  27  35  34  43  47 162 168 174  98  22  33  41  45  60  72 168
  15  77 192 185 168 165 165 171  83  24  29 101 207 179 173 171
 165 165 164 164 164 164 165 165 164 165 164 164 164 164 167  44
 164 168 186 175 176 165 165 166 171 187 178 178 164 164 175  42
 166 149  15  23  33 152 166 170 105  15  37  75 166 165 180  35
 167 151  33  37  31 168 167 174 109  27  33  84 170 165 167  45
 165 157  29  36  38 163 165 171  94  16  12  82 167 165 170  31
 165 155  26  35  29 162 166 166 163 177 175 161 165 166 167 159
 164 150  34  34  32 163 166 166 165 165 165 165 166 166 164 163
 165 156  25  36  47 164 166 166 165 166 165 164 172 181 167 169
 166 154  28  34  28 165 165 166 166 166 167 153 114 111 111 131
 166 154  29  32  39 171 166 165 166 166 168 148  22  28  27  26
 164 158  29  32  45 160 165 165 165 166 164 139  27  33  32  32
 184 149  31  32  28 169 166 168 148 157 177 135  25  33  37  85
  18  20  26  33  39 170 165 172  87  12  20  23  33  34  50 189
  30  30  31  34  40 167 165 172  97  24  33  32  32  32  62 172
  25  32  31  39  41 165 166 169  97  23  33  37  35  55  62 164
  21  88 205 191 176 170 166 172  84  22  26 107 211 183 176 164
 142 143 142 143 145 143 143 143 143 143 142 143 143 139 145  40
 141 140 158 153 154 145 142 139 143 165 157 158 145 142 152  36
 141 127  13  21  28 136 141 143  88  13  36  67 144 141 155  27
 140 127  28  33  30 152 139 148  94  25  35  79 149 140 139  36
 139 136  25  36  37 152 141 145  78  14  14  77 147 140 146  26
 140 134  24  38  34 150 143 142 139 157 159 140 141 142 142 137
 140 130  30  40  37 152 142 144 144 143 143 142 142 143 144 143
 140 137  23  37  46 146 143 146 146 145 144 143 151 163 142 146
 141 133  26  35  28 153 142 145 145 143 140 130  97 100 105 123
 140 136  28  32  37 155 143 146 145 144 143 131  19  28  26  22
 138 136  26  32  45 145 143 146 145 144 140 121  25  33  32  28
 172 135  26  33  31 152 143 142 124 134 154 124  25  34  36  76
  15  19  26  33  38 154 142 145  74  12  19  21  30  34  46 175
  28  30  31  33  37 150 142 146  81  21  29  30  31  31  57 153
  24  28  27  33  38 149 142 144  83  22  32  38  32  48  56 144
  25  91 194 172 154 147 145 147  72  20  26 101 199 164 153 141

