 176 176 171 174 174 175 185 176 172 173 179 179 177 176 188  38
 176 183  91  77  74  67  73  87 131 184 177 177 176 177 189  41
 176 181  63  39  31  29  32  30 112 191 173 176 179 180 195  29
 176 182  64  34  28  38  38  32 113 184 173 177 178 180 212  34
 176 177 129 120 114  75  39  37  82 144 155 147 181 180 200  44
 173 176 180 179 190  99  47  38  39  25  24  45 188 180 202  51
 167 170 171 172 182 101  51  37  43  40  44  55 193 178 209  51
 152 153 157 170 174  95  64  40  47  43  42  58 193 179 195  80
  34  32  32  30  35 170 178 181 171  36  40  66 195 178 176 173
  40  38  41  40  41 177 169 168 140  36  43  65 193 175 177 176
  49  40  32  33  22 158 171 173 124  35  41  81 184 175 175 177
 165 174 176 172 171 174 177 177 174 181 181 151  65  61  59  61
 173 174 175 173 175 178 178 177 175 176 171 156  37  43  38  41
 173 171 176 175 179 178 176 178 177 179 176 169  27  38  33  34
 170 173  99  93  94 154 173 177 178 179 176 179  28  38  38 153
 169 183  32  35  32 171 173 176 179 177 173 190  36  45  34 184
 174 178 177 181 184 188 191 182 177 177 176 175 176 176 197  22
 173 190  90  81  82  78  78  90 133 188 176 177 177 175 199  27
 173 186  45  32  31  30  29  23 108 194 176 176 176 174 203  21
 174 185  45  29  30  39  40  30 108 192 178 178 175 175 224  24
 173 177 120 121 120  70  39  35  77 153 157 144 182 174 217  33
 172 174 176 182 197  88  41  39  36  26  23  40 190 174 216  38
 172 173 172 174 192  86  40  38  39  39  41  36 195 174 219  33
 162 162 165 177 183  87  64  45  44  37  41  40 195 174 200  68
  39  39  37  34  35 175 183 190 172  31  41  60 196 174 176 172
  40  40  40  41  35 188 172 171 138  32  41  58 200 176 176 176
  51  39  31  35  20 167 173 171 121  26  33  79 196 182 181 182
 169 177 178 178 173 174 173 173 173 178 182 155  60  63  60  60
 173 173 174 175 175 174 173 174 174 174 172 163  27  39  38  35
 172 173 178 179 181 176 173 173 174 173 171 178  21  39  32  36
 172 178  97  96  88 152 173 174 174 172 171 188  19  39  31 163
 171 189  20  29  15 169 174 174 173 173 172 191  21  38  22 200
 145 147 146 152 155 153 160 155 149 144 145 147 146 144 169  16
 145 163  76  70  71  66  68  80 118 159 146 146 146 145 171  19
 144 161  39  29  27  28  28  22 101 170 145 146 148 147 177  17
 143 157  36  20  23  31  33  27 101 164 146 147 147 146 199  20
 143 147  97  99 104  58  29  30  75 131 138 121 153 146 186  28
 145 143 145 148 171  69  30  33  33  22  21  34 162 146 190  33
 143 141 143 141 164  70  35  33  34  33  36  31 169 146 197  31
 141 139 145 155 163  75  50  31  38  32  35  35 172 146 177  57
  34  33  33  30  24 155 155 157 154  24  35  50 172 145 146 142
  39  39  39  39  27 161 145 143 120  25  38  50 174 144 144 143
  43  33  27  27  13 136 146 146 102  20  28  70 168 153 152 151
 141 148 148 146 141 141 146 146 143 150 156 136  55  60  58  57
 143 142 140 141 141 144 146 144 142 142 143 140  26  37  38  35
 145 142 147 151 150 146 145 145 144 145 146 151  15  32  29  30
 145 152  83  86  77 131 145 145 145 145 145 161  14  31  28 140
 143 163  17  28  15 153 144 145 145 144 145 171  14  30  19 166

  38  41  29  34  44  51  51  80 173 176 177  61  41  34 153 184
 188 189 195 212 200 202 209 195 176 177 175  59  38  33  38  34
 176 177 180 180 180 180 178 179 178 175 175  61  43  38  38  45
 177 176 179 178 181 188 193 193 195 193 184  65  37  27  28  36
 179 177 176 177 147  45  55  58  66  65  81 151 156 169 179 190
 179 177 173 173 155  24  44  42  40  43  41 181 171 176 176 173
 173 184 191 184 144  25  40  43  36  36  35 181 176 179 179 177
 172 131 112 113  82  39  43  47 171 140 124 174 175 177 178 179
 176  87  30  32  37  38  37  40 181 168 173 177 177 178 177 176
 185  73  32  38  39  47  51  64 178 169 171 177 178 176 173 173
 175  67  29  38  75  99 101  95 170 177 158 174 178 178 154 171
 174  74  31  28 114 190 182 174  35  41  22 171 175 179  94  32
 174  77  39  34 120 179 172 170  30  40  33 172 173 175  93  35
 171  91  63  64 129 180 171 157  32  41  32 176 175 176  99  32
 176 183 181 182 177 176 170 153  32  38  40 174 174 171 173 183
 176 176 176 176 176 173 167 152  34  40  49 165 173 173 170 169
  22  27  21  24  33  38  33  68 172 176 182  60  35  36 163 200
 197 199 203 224 217 216 219 200 176 176 181  60  38  32  31  22
 176 175 174 175 174 174 174 174 174 176 182  63  39  39  39  38
 176 177 176 175 182 190 195 195 196 200 196  60  27  21  19  21
 175 177 176 178 144  40  36  40  60  58  79 155 163 178 188 191
 176 176 176 178 157  23  41  41  41  41  33 182 172 171 171 172
 177 188 194 192 153  26  39  37  31  32  26 178 174 173 172 173
 177 133 108 108  77  36  39  44 172 138 121 173 174 174 174 173
 182  90  23  30  35  39  38  45 190 171 171 173 174 173 174 174
 191  78  29  40  39  41  40  64 183 172 173 173 173 173 173 174
 188  78  30  39  70  88  86  87 175 188 167 174 174 176 152 169
 184  82  31  30 120 197 192 183  35  35  20 173 175 181  88  15
 181  81  32  29 121 182 174 177  34  41  35 178 175 179  96  29
 177  90  45  45 120 176 172 165  37  40  31 178 174 178  97  20
 178 190 186 185 177 174 173 162  39  40  39 177 173 173 178 189
 174 173 173 174 173 172 172 162  39  40  51 169 173 172 172 171
  16  19  17  20  28  33  31  57 142 143 151  57  35  30 140 166
 169 171 177 199 186 190 197 177 146 144 152  58  38  29  28  19
 144 145 147 146 146 146 146 146 145 144 153  60  37  32  31  30
 146 146 148 147 153 162 169 172 172 174 168  55  26  15  14  14
 147 146 146 147 121  34  31  35  50  50  70 136 140 151 161 171
 145 146 145 146 138  21  36  35  35  38  28 156 143 146 145 145
 144 159 170 164 131  22  33  32  24  25  20 150 142 145 145 144
 149 118 101 101  75  33  34  38 154 120 102 143 142 144 145 145
 155  80  22  27  30  33  33  31 157 143 146 146 144 145 145 145
 160  68  28  33  29  30  35  50 155 145 146 146 146 145 145 144
 153  66  28  31  58  69  70  75 155 161 136 141 144 146 131 153
 155  71  27  23 104 171 164 163  24  27  13 141 141 150  77  15
 152  70  29  20  99 148 141 155  30  39  27 146 141 151  86  28
 146  76  39  36  97 145 143 145  33  39  27 148 140 147  83  17
 147 163 161 157 147 143 141 139  33  39  33 148 142 142 152 163
 145 145 144 143 143 145 143 141  34  39  43 141 143 145 145 143

 184  34  45  36 190 173 177 179 176 173 171  32  35  32 183 169
 153  38  38  28 179 176 179 178 177 173 154  94  93  99 173 170
  34  33  38  27 169 176 179 177 178 176 178 179 175 176 171 173
  41  38  43  37 156 171 176 175 177 178 178 175 173 175 174 173
  61  59  61  65 151 181 181 174 177 177 174 171 172 176 174 165
 177 175 175 184  81  41  35 124 173 171 158  22  33  32  40  49
 176 177 175 193  65  43  36 140 168 169 177  41  40  41  38  40
 173 176 178 195  66  40  36 171 181 178 170  35  30  32  32  34
  80 195 179 193  58  42  43  47  40  64  95 174 170 157 153 152
  51 209 178 193  55  44  40  43  37  51 101 182 172 171 170 167
  51 202 180 188  45  24  25  39  38  47  99 190 179 180 176 173
  44 200 180 181 147 155 144  82  37  39  75 114 120 129 177 176
  34 212 180 178 177 173 184 113  32  38  38  28  34  64 182 176
  29 195 180 179 176 173 191 112  30  32  29  31  39  63 181 176
  41 189 177 176 177 177 184 131  87  73  67  74  77  91 183 176
  38 188 176 177 179 179 173 172 176 185 175 174 174 171 176 176
 200  22  38  21 191 172 173 173 174 174 169  15  29  20 189 171
 163  31  39  19 188 171 172 174 174 173 152  88  96  97 178 172
  36  32  39  21 178 171 173 174 173 173 176 181 179 178 173 172
  35  38  39  27 163 172 174 174 174 173 174 175 175 174 173 173
  60  60  63  60 155 182 178 173 173 173 174 173 178 178 177 169
 182 181 182 196  79  33  26 121 171 173 167  20  35  31  39  51
 176 176 176 200  58  41  32 138 171 172 188  35  41  40  40  40
 172 176 174 196  60  41  31 172 190 183 175  35  34  37  39  39
  68 200 174 195  40  41  37  44  45  64  87 183 177 165 162 162
  33 219 174 195  36  41  39  39  38  40  86 192 174 172 173 172
  38 216 174 190  40  23  26  36  39  41  88 197 182 176 174 172
  33 217 174 182 144 157 153  77  35  39  70 120 121 120 177 173
  24 224 175 175 178 178 192 108  30  40  39  30  29  45 185 174
  21 203 174 176 176 176 194 108  23  29  30  31  32  45 186 173
  27 199 175 177 177 176 188 133  90  78  78  82  81  90 190 173
  22 197 176 176 175 176 177 177 182 191 188 184 181 177 178 174
 166  19  30  14 171 145 144 145 145 144 153  15  28  17 163 143
 140  28  31  14 161 145 145 145 145 145 131  77  86  83 152 145
  30  29  32  15 151 146 145 144 145 145 146 150 151 147 142 145
  35  38  37  26 140 143 142 142 144 146 144 141 141 140 142 143
  57  58  60  55 136 156 150 143 146 146 141 141 146 148 148 141
 151 152 153 168  70  28  20 102 146 146 136  13  27  27  33  43
 143 144 144 174  50  38  25 120 143 145 161  27  39  39  39  39
 142 146 145 172  50  35  24 154 157 155 155  24  30  33  33  34
  57 177 146 172  35  35  32  38  31  50  75 163 155 145 139 141
  31 197 146 169  31  36  33  34  33  35  70 164 141 143 141 143
  33 190 146 162  34  21  22  33  33  30  69 171 148 145 143 145
  28 186 146 153 121 138 131  75  30  29  58 104  99  97 147 143
  20 199 146 147 147 146 164 101  27  33  31  23  20  36 157 143
  17 177 147 148 146 145 170 101  22  28  28  27  29  39 161 144
  19 171 145 146 146 146 159 118  80  68  66  71  70  76 163 145
  16 169 144 146 147 145 144 149 155 160 153 155 152 146 147 145

 169 170 173 173 165  49  40  34 152 167 173 176 176 176 176 176
 183 173 171 174 174  40  38  32 153 170 176 177 182 181 183 176
  32  99 176 175 176  32  41  32 157 171 180 129  64  63  91 171
  35  93 175 173 172  33  40  30 170 172 179 120  34  39  77 174
  32  94 179 175 171  22  41  35 174 182 190 114  28  31  74 174
 171 154 178 178 174 158 177 170  95 101  99  75  38  29  67 175
 173 173 176 178 177 171 169 178  64  51  47  39  38  32  73 185
 176 177 178 177 177 173 168 181  40  37  38  37  32  30  87 176
 179 178 177 175 174 124 140 171  47  43  39  82 113 112 131 172
 177 179 179 176 181  35  36  36  43  40  25 144 184 191 184 173
 173 176 176 171 181  41  43  40  42  44  24 155 173 173 177 179
 190 179 169 156 151  81  65  66  58  55  45 147 177 176 177 179
  36  28  27  37  65 184 193 195 193 193 188 181 178 179 176 177
  45  38  38  43  61 175 175 178 179 178 180 180 180 180 177 176
  34  38  33  38  59 175 177 176 195 209 202 200 212 195 189 188
 184 153  34  41  61 177 176 173  80  51  51  44  34  29  41  38
 171 172 172 173 169  51  40  39 162 172 172 173 174 173 173 174
 189 178 173 173 177  39  40  39 162 173 174 177 185 186 190 178
  20  97 178 174 178  31  40  37 165 172 176 120  45  45  90 177
  29  96 179 175 178  35  41  34 177 174 182 121  29  32  81 181
  15  88 181 175 173  20  35  35 183 192 197 120  30  31  82 184
 169 152 176 174 174 167 188 175  87  86  88  70  39  30  78 188
 174 173 173 173 173 173 172 183  64  40  41  39  40  29  78 191
 174 174 173 174 173 171 171 190  45  38  39  35  30  23  90 182
 173 174 174 174 173 121 138 172  44  39  36  77 108 108 133 177
 173 172 173 174 178  26  32  31  37  39  26 153 192 194 188 177
 172 171 171 172 182  33  41  41  41  41  23 157 178 176 176 176
 191 188 178 163 155  79  58  60  40  36  40 144 178 176 177 175
  21  19  21  27  60 196 200 196 195 195 190 182 175 176 177 176
  38  39  39  39  63 182 176 174 174 174 174 174 175 174 175 176
  22  31  32  38  60 181 176 176 200 219 216 217 224 203 199 197
 200 163  36  35  60 182 176 172  68  33  38  33  24  21  27  22
 143 145 145 143 141  43  39  34 141 143 145 143 143 144 145 145
 163 152 142 142 148  33  39  33 139 141 143 147 157 161 163 147
  17  83 147 140 148  27  39  33 145 143 145  97  36  39  76 146
  28  86 151 141 146  27  39  30 155 141 148  99  20  29  70 152
  15  77 150 141 141  13  27  24 163 164 171 104  23  27  71 155
 153 131 146 144 141 136 161 155  75  70  69  58  31  28  66 153
 144 145 145 146 146 146 145 155  50  35  30  29  33  28  68 160
 145 145 145 144 146 146 143 157  31  33  33  30  27  22  80 155
 145 145 144 142 143 102 120 154  38  34  33  75 101 101 118 149
 144 145 145 142 150  20  25  24  32  33  22 131 164 170 159 144
 145 145 146 143 156  28  38  35  35  36  21 138 146 145 146 145
 171 161 151 140 136  70  50  50  35  31  34 121 147 146 146 147
  14  14  15  26  55 168 174 172 172 169 162 153 147 148 146 146
  30  31  32  37  60 153 144 145 146 146 146 146 146 147 145 144
  19  28  29  38  58 152 144 146 177 197 190 186 199 177 171 169
 166 140  30  35  57 151 143 142  57  31  33  28  20  17  19  16

