 171 156  29  33  44 172 163 172  84  31  30  31  30  28  28  27
 167 164  32  42  24 170 163 170  81  30  32  30  30  31  29  27
 160 160  24  44  28 167 163 173  83  36  36  36  36  33  30  29
 155 147  37  44  34 159 161 168  83  40  38  36  32  29  30  36
 170 142  48  48  52 168 180 161  92  40  55  48  31  30  31  47
  27  80 168 186 185  38  39  33 157 177 181 134  20  31  59 198
  22  78 161 154 166  40  45  12 137 161 158 126  24  35  54 166
  19  73 185 176 194  53  40  11 143 167 168 128  22  37  50 170
  28  33  49  44  35  35  40  21 135 162 174 144  17  30  51 173
  28  30  33  35  31  31  41  37 141 158 167 139  19  36  49 177
  25  27  27  30  31  31  37  24 139 169 171 133  21  34  44 173
  27  29  32  30  33 171 141 153  79  76  72  97 152 151 148 158
  29  31  32  29  40 171 158 168  88  36  35  91 163 162 163 163
  34  38  38  40  30 169 161 170  83  37  35  94 169 167 165 163
 103 104 101 104 102 164 166 170 132 113 105 126 163 166 162 160
 169 174 170 172 166 166 169 164 158 165 167 165 164 163 163 161
 166 145  15  30  48 179 164 176  85  27  30  30  31  31  31  30
 166 157  18  32  25 177 164 175  80  24  32  31  29  30  30  30
 162 157  15  35  31 175 164 175  80  25  31  28  29  29  30  30
 163 148  27  36  36 166 163 171  77  26  34  33  33  31  30  30
 186 143  41  27  46 180 195 167  91  32  45  38  29  33  27  32
  20  79 174 200 191  27  25  24 167 193 198 145  22  32  66 208
  24  81 170 161 172  32  32   9 146 167 165 132  23  33  56 172
  26  82 201 195 206  51  31   9 149 167 166 125  14  29  50 175
  31  34  39  33  29  28  32  16 140 163 168 142  12  26  49 176
  30  30  31  31  33  32  30  23 139 162 167 140  17  33  46 177
  27  28  28  31  30  23  18  10 140 182 182 133   7  17  38 170
  28  28  29  31  37 170 146 156  78  71  73  97 154 156 158 162
  29  30  30  28  42 178 162 173  88  29  29  92 171 162 160 161
  23  25  21  22  26 172 161 173  76  20  19  89 171 163 162 162
  96  96  98  98 101 164 160 164 124 110 109 126 161 162 161 160
 176 179 170 174 167 160 161 159 162 171 171 166 161 161 160 160
 143 128  12  29  44 162 140 152  74  26  30  29  27  23  26  27
 140 137  13  32  23 161 141 152  68  24  27  28  28  27  28  27
 134 139  12  35  28 158 140 151  68  24  26  27  29  29  29  30
 138 130  23  34  33 150 140 148  67  25  28  27  26  28  30  29
 164 131  36  25  40 161 170 145  76  27  37  35  22  27  23  27
  18  71 156 175 171  24  26  21 151 167 174 130  18  30  60 187
  22  77 150 138 150  29  33   9 131 143 138 113  20  33  51 148
  24  76 176 163 185  45  30   9 134 143 139 109  14  30  47 153
  29  33  39  33  27  23  29  15 125 139 143 122  10  26  48 156
  29  28  27  28  31  29  29  20 124 139 144 121  13  32  41 154
  25  27  27  24  21  18  18  10 127 157 161 119   5  19  34 149
  27  28  28  27  34 166 131 143  73  71  69  86 133 133 135 141
  29  30  29  27  38 159 134 146  76  26  27  85 153 143 140 140
  22  24  21  22  23 155 138 148  64  22  21  81 150 142 142 140
  85  85  84  86  88 146 140 139 104  94  94 114 143 142 141 141
 154 159 143 145 145 141 141 139 142 150 149 144 140 141 142 141

  27  27  29  36  47 198 166 170 173 177 173 158 163 163 160 161
  28  29  30  30  31  59  54  50  51  49  44 148 163 165 162 163
  28  31  33  29  30  31  35  37  30  36  34 151 162 167 166 163
  30  30  36  32  31  20  24  22  17  19  21 152 163 169 163 164
  31  30  36  36  48 134 126 128 144 139 133  97  91  94 126 165
  30  32  36  38  55 181 158 168 174 167 171  72  35  35 105 167
  31  30  36  40  40 177 161 167 162 158 169  76  36  37 113 165
  84  81  83  83  92 157 137 143 135 141 139  79  88  83 132 158
 172 170 173 168 161  33  12  11  21  37  24 153 168 170 170 164
 163 163 163 161 180  39  45  40  40  41  37 141 158 161 166 169
 172 170 167 159 168  38  40  53  35  31  31 171 171 169 164 166
  44  24  28  34  52 185 166 194  35  31  31  33  40  30 102 166
  33  42  44  44  48 186 154 176  44  35  30  30  29  40 104 172
  29  32  24  37  48 168 161 185  49  33  27  32  32  38 101 170
 156 164 160 147 142  80  78  73  33  30  27  29  31  38 104 174
 171 167 160 155 170  27  22  19  28  28  25  27  29  34 103 169
  30  30  30  30  32 208 172 175 176 177 170 162 161 162 160 160
  31  30  30  30  27  66  56  50  49  46  38 158 160 162 161 160
  31  30  29  31  33  32  33  29  26  33  17 156 162 163 162 161
  31  29  29  33  29  22  23  14  12  17   7 154 171 171 161 161
  30  31  28  33  38 145 132 125 142 140 133  97  92  89 126 166
  30  32  31  34  45 198 165 166 168 167 182  73  29  19 109 171
  27  24  25  26  32 193 167 167 163 162 182  71  29  20 110 171
  85  80  80  77  91 167 146 149 140 139 140  78  88  76 124 162
 176 175 175 171 167  24   9   9  16  23  10 156 173 173 164 159
 164 164 164 163 195  25  32  31  32  30  18 146 162 161 160 161
 179 177 175 166 180  27  32  51  28  32  23 170 178 172 164 160
  48  25  31  36  46 191 172 206  29  33  30  37  42  26 101 167
  30  32  35  36  27 200 161 195  33  31  31  31  28  22  98 174
  15  18  15  27  41 174 170 201  39  31  28  29  30  21  98 170
 145 157 157 148 143  79  81  82  34  30  28  28  30  25  96 179
 166 166 162 163 186  20  24  26  31  30  27  28  29  23  96 176
  27  27  30  29  27 187 148 153 156 154 149 141 140 140 141 141
  26  28  29  30  23  60  51  47  48  41  34 135 140 142 141 142
  23  27  29  28  27  30  33  30  26  32  19 133 143 142 142 141
  27  28  29  26  22  18  20  14  10  13   5 133 153 150 143 140
  29  28  27  27  35 130 113 109 122 121 119  86  85  81 114 144
  30  27  26  28  37 174 138 139 143 144 161  69  27  21  94 149
  26  24  24  25  27 167 143 143 139 139 157  71  26  22  94 150
  74  68  68  67  76 151 131 134 125 124 127  73  76  64 104 142
 152 152 151 148 145  21   9   9  15  20  10 143 146 148 139 139
 140 141 140 140 170  26  33  30  29  29  18 131 134 138 140 141
 162 161 158 150 161  24  29  45  23  29  18 166 159 155 146 141
  44  23  28  33  40 171 150 185  27  31  21  34  38  23  88 145
  29  32  35  34  25 175 138 163  33  28  24  27  27  22  86 145
  12  13  12  23  36 156 150 176  39  27  27  28  29  21  84 143
 128 137 139 130 131  71  77  76  33  28  27  28  30  24  85 159
 143 140 134 138 164  18  22  24  29  29  25  27  29  22  85 154

 161 163 163 164 165 167 165 158 164 169 166 166 172 170 174 169
 160 162 166 163 126 105 113 132 170 166 164 102 104 101 104 103
 163 165 167 169  94  35  37  83 170 161 169  30  40  38  38  34
 163 163 162 163  91  35  36  88 168 158 171  40  29  32  31  29
 158 148 151 152  97  72  76  79 153 141 171  33  30  32  29  27
 173  44  34  21 133 171 169 139  24  37  31  31  30  27  27  25
 177  49  36  19 139 167 158 141  37  41  31  31  35  33  30  28
 173  51  30  17 144 174 162 135  21  40  35  35  44  49  33  28
 170  50  37  22 128 168 167 143  11  40  53 194 176 185  73  19
 166  54  35  24 126 158 161 137  12  45  40 166 154 161  78  22
 198  59  31  20 134 181 177 157  33  39  38 185 186 168  80  27
  47  31  30  31  48  55  40  92 161 180 168  52  48  48 142 170
  36  30  29  32  36  38  40  83 168 161 159  34  44  37 147 155
  29  30  33  36  36  36  36  83 173 163 167  28  44  24 160 160
  27  29  31  30  30  32  30  81 170 163 170  24  42  32 164 167
  27  28  28  30  31  30  31  84 172 163 172  44  33  29 156 171
 160 160 161 161 166 171 171 162 159 161 160 167 174 170 179 176
 160 161 162 161 126 109 110 124 164 160 164 101  98  98  96  96
 162 162 163 171  89  19  20  76 173 161 172  26  22  21  25  23
 161 160 162 171  92  29  29  88 173 162 178  42  28  30  30  29
 162 158 156 154  97  73  71  78 156 146 170  37  31  29  28  28
 170  38  17   7 133 182 182 140  10  18  23  30  31  28  28  27
 177  46  33  17 140 167 162 139  23  30  32  33  31  31  30  30
 176  49  26  12 142 168 163 140  16  32  28  29  33  39  34  31
 175  50  29  14 125 166 167 149   9  31  51 206 195 201  82  26
 172  56  33  23 132 165 167 146   9  32  32 172 161 170  81  24
 208  66  32  22 145 198 193 167  24  25  27 191 200 174  79  20
  32  27  33  29  38  45  32  91 167 195 180  46  27  41 143 186
  30  30  31  33  33  34  26  77 171 163 166  36  36  27 148 163
  30  30  29  29  28  31  25  80 175 164 175  31  35  15 157 162
  30  30  30  29  31  32  24  80 175 164 177  25  32  18 157 166
  30  31  31  31  30  30  27  85 176 164 179  48  30  15 145 166
 141 142 141 140 144 149 150 142 139 141 141 145 145 143 159 154
 141 141 142 143 114  94  94 104 139 140 146  88  86  84  85  85
 140 142 142 150  81  21  22  64 148 138 155  23  22  21  24  22
 140 140 143 153  85  27  26  76 146 134 159  38  27  29  30  29
 141 135 133 133  86  69  71  73 143 131 166  34  27  28  28  27
 149  34  19   5 119 161 157 127  10  18  18  21  24  27  27  25
 154  41  32  13 121 144 139 124  20  29  29  31  28  27  28  29
 156  48  26  10 122 143 139 125  15  29  23  27  33  39  33  29
 153  47  30  14 109 139 143 134   9  30  45 185 163 176  76  24
 148  51  33  20 113 138 143 131   9  33  29 150 138 150  77  22
 187  60  30  18 130 174 167 151  21  26  24 171 175 156  71  18
  27  23  27  22  35  37  27  76 145 170 161  40  25  36 131 164
  29  30  28  26  27  28  25  67 148 140 150  33  34  23 130 138
  30  29  29  29  27  26  24  68 151 140 158  28  35  12 139 134
  27  28  27  28  28  27  24  68 152 141 161  23  32  13 137 140
  27  26  23  27  29  30  26  74 152 140 162  44  29  12 128 143

 169 103  34  29  27  25  28  28  19  22  27 170 155 160 167 171
 174 104  38  31  29  27  30  33  73  78  80 142 147 160 164 156
 170 101  38  32  32  27  33  49 185 161 168  48  37  24  32  29
 172 104  40  29  30  30  35  44 176 154 186  48  44  44  42  33
 166 102  30  40  33  31  31  35 194 166 185  52  34  28  24  44
 166 164 169 171 171  31  31  35  53  40  38 168 159 167 170 172
 169 166 161 158 141  37  41  40  40  45  39 180 161 163 163 163
 164 170 170 168 153  24  37  21  11  12  33 161 168 173 170 172
 158 132  83  88  79 139 141 135 143 137 157  92  83  83  81  84
 165 113  37  36  76 169 158 162 167 161 177  40  40  36  30  31
 167 105  35  35  72 171 167 174 168 158 181  55  38  36  32  30
 165 126  94  91  97 133 139 144 128 126 134  48  36  36  30  31
 164 163 169 163 152  21  19  17  22  24  20  31  32  36  30  30
 163 166 167 162 151  34  36  30  37  35  31  30  29  33  31  28
 163 162 165 163 148  44  49  51  50  54  59  31  30  30  29  28
 161 160 163 163 158 173 177 173 170 166 198  47  36  29  27  27
 176  96  23  29  28  27  30  31  26  24  20 186 163 162 166 166
 179  96  25  30  28  28  30  34  82  81  79 143 148 157 157 145
 170  98  21  30  29  28  31  39 201 170 174  41  27  15  18  15
 174  98  22  28  31  31  31  33 195 161 200  27  36  35  32  30
 167 101  26  42  37  30  33  29 206 172 191  46  36  31  25  48
 160 164 172 178 170  23  32  28  51  32  27 180 166 175 177 179
 161 160 161 162 146  18  30  32  31  32  25 195 163 164 164 164
 159 164 173 173 156  10  23  16   9   9  24 167 171 175 175 176
 162 124  76  88  78 140 139 140 149 146 167  91  77  80  80  85
 171 110  20  29  71 182 162 163 167 167 193  32  26  25  24  27
 171 109  19  29  73 182 167 168 166 165 198  45  34  31  32  30
 166 126  89  92  97 133 140 142 125 132 145  38  33  28  31  30
 161 161 171 171 154   7  17  12  14  23  22  29  33  29  29  31
 161 162 163 162 156  17  33  26  29  33  32  33  31  29  30  31
 160 161 162 160 158  38  46  49  50  56  66  27  30  30  30  31
 160 160 162 161 162 170 177 176 175 172 208  32  30  30  30  30
 154  85  22  29  27  25  29  29  24  22  18 164 138 134 140 143
 159  85  24  30  28  27  28  33  76  77  71 131 130 139 137 128
 143  84  21  29  28  27  27  39 176 150 156  36  23  12  13  12
 145  86  22  27  27  24  28  33 163 138 175  25  34  35  32  29
 145  88  23  38  34  21  31  27 185 150 171  40  33  28  23  44
 141 146 155 159 166  18  29  23  45  29  24 161 150 158 161 162
 141 140 138 134 131  18  29  29  30  33  26 170 140 140 141 140
 139 139 148 146 143  10  20  15   9   9  21 145 148 151 152 152
 142 104  64  76  73 127 124 125 134 131 151  76  67  68  68  74
 150  94  22  26  71 157 139 139 143 143 167  27  25  24  24  26
 149  94  21  27  69 161 144 143 139 138 174  37  28  26  27  30
 144 114  81  85  86 119 121 122 109 113 130  35  27  27  28  29
 140 143 150 153 133   5  13  10  14  20  18  22  26  29  28  27
 141 142 142 143 133  19  32  26  30  33  30  27  28  29  27  23
 142 141 142 140 135  34  41  48  47  51  60  23  30  29  28  26
 141 141 140 140 141 149 154 156 153 148 187  27  29  30  27  27

