  16  23 174 152 160  62  27  20 102 150 155 156 155 152 165  30
 132 134  93  83  85 106 129 135 131 150 154 144  98 102  99 117
 151 168  53  22  15 130 150 152 152 156 150 148  39  36  30 170
 151 167  37  38  21 151 151 157 154 157 150 152  34  43  51 158
 149 169  37  35  22 109 127 140 143 152 148 157  23  45  49 155
 146 165  38  35  27  18   7  12  93 150 149 160  22  44  42 165
 144 147  44  36  28  27  31  30 110 150 146 145  33  44  36 175
 145 150  49  38  23  54  37  43 110 161 155 167  41  42  43 175
 146 153  54  35  18 152 164 157 132  23  24  34  37  38  59 166
 146 163  61  43  34 137 143 146 113  31  31  30  34  40  47 163
 146 160  23  30  22 140 151 154 128  23  30  32  31  20  40 167
 148 150 154 161 155  87  55  52  49  34  36  77 158 152 144  69
 152 154 154 155 152  68  29  31  34  32  40  73 161 150 157  38
 153 153 158 158 163  68  27  36  32  24  24  65 164 154 180  18
 150 153  95 100 108  45  31  30  79 137 124 124  88  93 101  20
 148 169  34  21  19  24  26  23 105 162 156 147   8  14  17  22
  11  21 195 163 178  63  19   7 113 163 158 159 161 163 182  17
 137 143  97  89  91 116 138 135 144 155 157 152  96 107 102 118
 160 187  42  16   9 149 163 163 158 156 156 158  24  29  27 186
 154 187  29  31  10 171 164 163 157 157 157 168  22  37  44 172
 154 187  30  33  18 122 138 147 148 158 156 172  17  37  38 171
 155 188  29  33  30  21   8   7  95 161 159 173  14  36  34 186
 154 164  30  33  32  28  32  24 109 163 156 152  14  38  31 193
 154 166  35  33  25  57  39  43 112 172 166 174  20  35  36 193
 154 167  40  32  18 165 170 162 135  24  27  38  30  32  47 185
 153 177  46  35  24 151 153 156 120  18  34  33  32  32  35 187
 154 175   7  21  16 146 164 167 134  17  33  30  33  20  35 185
 155 159 153 161 166  92  59  57  54  30  35  69 169 160 152  71
 156 157 157 157 173  73  25  32  31  32  33  61 179 157 172  33
 155 158 161 161 185  63  26  32  25  18  13  54 186 164 199   6
 155 168  96 104 124  40  30  23  77 138 123 129  98 104 118  14
 155 190  25  22  21  23  27  22 112 176 165 159   4  15  21  27
  10  14 169 142 152  51  12   3  98 140 135 132 136 139 152  15
 119 123  83  79  77  97 114 113 122 132 134 122  82  95  88 102
 133 154  30  14   5 128 135 132 131 133 132 124  20  25  21 156
 130 151  19  24   7 153 138 137 132 133 133 135  15  30  38 146
 131 152  20  28  16 113 121 130 130 134 134 144  12  30  30 143
 131 153  19  30  28  21   7   6  86 136 132 149  11  29  25 155
 132 131  20  26  29  27  28  20  98 138 130 136   9  27  24 162
 131 135  25  27  19  49  29  33  99 153 147 163  14  26  27 163
 132 138  31  28  12 146 149 138 127  21  23  35  25  28  34 160
 132 144  36  29  18 131 130 126 106  17  24  27  30  31  23 160
 132 138   3  12  13 130 144 143 121  14  26  21  27  14  27 161
 131 125 126 136 142  82  54  49  48  26  30  57 148 135 128  62
 131 128 127 129 142  64  22  29  30  28  32  46 152 127 140  25
 131 134 136 137 158  56  20  26  20  17  12  44 161 138 172   4
 132 144  85  94 111  36  23  21  63 122 106 108  87  93 103  13
 132 163  23  17  20  23  27  21  88 149 136 127   4  15  16  24

  30 117 170 158 155 165 175 175 166 163 167  69  38  18  20  22
 165  99  30  51  49  42  36  43  59  47  40 144 157 180 101  17
 152 102  36  43  45  44  44  42  38  40  20 152 150 154  93  14
 155  98  39  34  23  22  33  41  37  34  31 158 161 164  88   8
 156 144 148 152 157 160 145 167  34  30  32  77  73  65 124 147
 155 154 150 150 148 149 146 155  24  31  30  36  40  24 124 156
 150 150 156 157 152 150 150 161  23  31  23  34  32  24 137 162
 102 131 152 154 143  93 110 110 132 113 128  49  34  32  79 105
  20 135 152 157 140  12  30  43 157 146 154  52  31  36  30  23
  27 129 150 151 127   7  31  37 164 143 151  55  29  27  31  26
  62 106 130 151 109  18  27  54 152 137 140  87  68  68  45  24
 160  85  15  21  22  27  28  23  18  34  22 155 152 163 108  19
 152  83  22  38  35  35  36  38  35  43  30 161 155 158 100  21
 174  93  53  37  37  38  44  49  54  61  23 154 154 158  95  34
  23 134 168 167 169 165 147 150 153 163 160 150 154 153 153 169
  16 132 151 151 149 146 144 145 146 146 146 148 152 153 150 148
  17 118 186 172 171 186 193 193 185 187 185  71  33   6  14  27
 182 102  27  44  38  34  31  36  47  35  35 152 172 199 118  21
 163 107  29  37  37  36  38  35  32  32  20 160 157 164 104  15
 161  96  24  22  17  14  14  20  30  32  33 169 179 186  98   4
 159 152 158 168 172 173 152 174  38  33  30  69  61  54 129 159
 158 157 156 157 156 159 156 166  27  34  33  35  33  13 123 165
 163 155 156 157 158 161 163 172  24  18  17  30  32  18 138 176
 113 144 158 157 148  95 109 112 135 120 134  54  31  25  77 112
   7 135 163 163 147   7  24  43 162 156 167  57  32  32  23  22
  19 138 163 164 138   8  32  39 170 153 164  59  25  26  30  27
  63 116 149 171 122  21  28  57 165 151 146  92  73  63  40  23
 178  91   9  10  18  30  32  25  18  24  16 166 173 185 124  21
 163  89  16  31  33  33  33  33  32  35  21 161 157 161 104  22
 195  97  42  29  30  29  30  35  40  46   7 153 157 161  96  25
  21 143 187 187 187 188 164 166 167 177 175 159 157 158 168 190
  11 137 160 154 154 155 154 154 154 153 154 155 156 155 155 155
  15 102 156 146 143 155 162 163 160 160 161  62  25   4  13  24
 152  88  21  38  30  25  24  27  34  23  27 128 140 172 103  16
 139  95  25  30  30  29  27  26  28  31  14 135 127 138  93  15
 136  82  20  15  12  11   9  14  25  30  27 148 152 161  87   4
 132 122 124 135 144 149 136 163  35  27  21  57  46  44 108 127
 135 134 132 133 134 132 130 147  23  24  26  30  32  12 106 136
 140 132 133 133 134 136 138 153  21  17  14  26  28  17 122 149
  98 122 131 132 130  86  98  99 127 106 121  48  30  20  63  88
   3 113 132 137 130   6  20  33 138 126 143  49  29  26  21  21
  12 114 135 138 121   7  28  29 149 130 144  54  22  20  23  27
  51  97 128 153 113  21  27  49 146 131 130  82  64  56  36  23
 152  77   5   7  16  28  29  19  12  18  13 142 142 158 111  20
 142  79  14  24  28  30  26  27  28  29  12 136 129 137  94  17
 169  83  30  19  20  19  20  25  31  36   3 126 127 136  85  23
  14 123 154 151 152 153 131 135 138 144 138 125 128 134 144 163
  10 119 133 130 131 131 132 131 132 132 132 131 131 131 132 132

  22  17  14   8 147 156 162 105  23  26  24  19  21  34 169 148
  20 101  93  88 124 124 137  79  30  31  45 108 100  95 153 150
  18 180 154 164  65  24  24  32  36  27  68 163 158 158 153 153
  38 157 150 161  73  40  32  34  31  29  68 152 155 154 154 152
  69 144 152 158  77  36  34  49  52  55  87 155 161 154 150 148
 167  40  20  31  32  30  23 128 154 151 140  22  30  23 160 146
 163  47  40  34  30  31  31 113 146 143 137  34  43  61 163 146
 166  59  38  37  34  24  23 132 157 164 152  18  35  54 153 146
 175  43  42  41 167 155 161 110  43  37  54  23  38  49 150 145
 175  36  44  33 145 146 150 110  30  31  27  28  36  44 147 144
 165  42  44  22 160 149 150  93  12   7  18  27  35  38 165 146
 155  49  45  23 157 148 152 143 140 127 109  22  35  37 169 149
 158  51  43  34 152 150 157 154 157 151 151  21  38  37 167 151
 170  30  36  39 148 150 156 152 152 150 130  15  22  53 168 151
 117  99 102  98 144 154 150 131 135 129 106  85  83  93 134 132
  30 165 152 155 156 155 150 102  20  27  62 160 152 174  23  16
  27  21  15   4 159 165 176 112  22  27  23  21  22  25 190 155
  14 118 104  98 129 123 138  77  23  30  40 124 104  96 168 155
   6 199 164 186  54  13  18  25  32  26  63 185 161 161 158 155
  33 172 157 179  61  33  32  31  32  25  73 173 157 157 157 156
  71 152 160 169  69  35  30  54  57  59  92 166 161 153 159 155
 185  35  20  33  30  33  17 134 167 164 146  16  21   7 175 154
 187  35  32  32  33  34  18 120 156 153 151  24  35  46 177 153
 185  47  32  30  38  27  24 135 162 170 165  18  32  40 167 154
 193  36  35  20 174 166 172 112  43  39  57  25  33  35 166 154
 193  31  38  14 152 156 163 109  24  32  28  32  33  30 164 154
 186  34  36  14 173 159 161  95   7   8  21  30  33  29 188 155
 171  38  37  17 172 156 158 148 147 138 122  18  33  30 187 154
 172  44  37  22 168 157 157 157 163 164 171  10  31  29 187 154
 186  27  29  24 158 156 156 158 163 163 149   9  16  42 187 160
 118 102 107  96 152 157 155 144 135 138 116  91  89  97 143 137
  17 182 163 161 159 158 163 113   7  19  63 178 163 195  21  11
  24  16  15   4 127 136 149  88  21  27  23  20  17  23 163 132
  13 103  93  87 108 106 122  63  21  23  36 111  94  85 144 132
   4 172 138 161  44  12  17  20  26  20  56 158 137 136 134 131
  25 140 127 152  46  32  28  30  29  22  64 142 129 127 128 131
  62 128 135 148  57  30  26  48  49  54  82 142 136 126 125 131
 161  27  14  27  21  26  14 121 143 144 130  13  12   3 138 132
 160  23  31  30  27  24  17 106 126 130 131  18  29  36 144 132
 160  34  28  25  35  23  21 127 138 149 146  12  28  31 138 132
 163  27  26  14 163 147 153  99  33  29  49  19  27  25 135 131
 162  24  27   9 136 130 138  98  20  28  27  29  26  20 131 132
 155  25  29  11 149 132 136  86   6   7  21  28  30  19 153 131
 143  30  30  12 144 134 134 130 130 121 113  16  28  20 152 131
 146  38  30  15 135 133 133 132 137 138 153   7  24  19 151 130
 156  21  25  20 124 132 133 131 132 135 128   5  14  30 154 133
 102  88  95  82 122 134 132 122 113 114  97  77  79  83 123 119
  15 152 139 136 132 135 140  98   3  12  51 152 142 169  14  10

 148 150 153 152 148 146 146 146 145 144 146 149 151 151 132  16
 169 153 153 154 150 160 163 153 150 147 165 169 167 168 134  23
  34  95 158 154 154  23  61  54  49  44  38  37  37  53  93 174
  21 100 158 155 161  30  43  35  38  36  35  35  38  22  83 152
  19 108 163 152 155  22  34  18  23  28  27  22  21  15  85 160
  24  45  68  68  87 140 137 152  54  27  18 109 151 130 106  62
  26  31  27  29  55 151 143 164  37  31   7 127 151 150 129  27
  23  30  36  31  52 154 146 157  43  30  12 140 157 152 135  20
 105  79  32  34  49 128 113 132 110 110  93 143 154 152 131 102
 162 137  24  32  34  23  31  23 161 150 150 152 157 156 150 150
 156 124  24  40  36  30  31  24 155 146 149 148 150 150 154 155
 147 124  65  73  77  32  30  34 167 145 160 157 152 148 144 156
   8  88 164 161 158  31  34  37  41  33  22  23  34  39  98 155
  14  93 154 150 152  20  40  38  42  44  44  45  43  36 102 152
  17 101 180 157 144  40  47  59  43  36  42  49  51  30  99 165
  22  20  18  38  69 167 163 166 175 175 165 155 158 170 117  30
 155 155 155 156 155 154 153 154 154 154 155 154 154 160 137  11
 190 168 158 157 159 175 177 167 166 164 188 187 187 187 143  21
  25  96 161 157 153   7  46  40  35  30  29  30  29  42  97 195
  22 104 161 157 161  21  35  32  33  33  33  33  31  16  89 163
  21 124 185 173 166  16  24  18  25  32  30  18  10   9  91 178
  23  40  63  73  92 146 151 165  57  28  21 122 171 149 116  63
  27  30  26  25  59 164 153 170  39  32   8 138 164 163 138  19
  22  23  32  32  57 167 156 162  43  24   7 147 163 163 135   7
 112  77  25  31  54 134 120 135 112 109  95 148 157 158 144 113
 176 138  18  32  30  17  18  24 172 163 161 158 157 156 155 163
 165 123  13  33  35  33  34  27 166 156 159 156 157 156 157 158
 159 129  54  61  69  30  33  38 174 152 173 172 168 158 152 159
   4  98 186 179 169  33  32  30  20  14  14  17  22  24  96 161
  15 104 164 157 160  20  32  32  35  38  36  37  37  29 107 163
  21 118 199 172 152  35  35  47  36  31  34  38  44  27 102 182
  27  14   6  33  71 185 187 185 193 193 186 171 172 186 118  17
 132 132 131 131 131 132 132 132 131 132 131 131 130 133 119  10
 163 144 134 128 125 138 144 138 135 131 153 152 151 154 123  14
  23  85 136 127 126   3  36  31  25  20  19  20  19  30  83 169
  17  94 137 129 136  12  29  28  27  26  30  28  24  14  79 142
  20 111 158 142 142  13  18  12  19  29  28  16   7   5  77 152
  23  36  56  64  82 130 131 146  49  27  21 113 153 128  97  51
  27  23  20  22  54 144 130 149  29  28   7 121 138 135 114  12
  21  21  26  29  49 143 126 138  33  20   6 130 137 132 113   3
  88  63  20  30  48 121 106 127  99  98  86 130 132 131 122  98
 149 122  17  28  26  14  17  21 153 138 136 134 133 133 132 140
 136 106  12  32  30  26  24  23 147 130 132 134 133 132 134 135
 127 108  44  46  57  21  27  35 163 136 149 144 135 124 122 132
   4  87 161 152 148  27  30  25  14   9  11  12  15  20  82 136
  15  93 138 127 135  14  31  28  26  27  29  30  30  25  95 139
  16 103 172 140 128  27  23  34  27  24  25  30  38  21  88 152
  24  13   4  25  62 161 160 160 163 162 155 143 146 156 102  15

