  47  53 149 157 163 103  28  28  26  25  33  52 172 161 155 162
 168 164 158 160 166 105  27  28  26  22  36  57 164 159 164  63
 153 160 161 159 162 113  41  34  29  27  40  52 160 156 159  49
 151 156 160 161 162 100  35  18  19  16  24  53 159 159 186  46
 154 158 160 161 160 157 156 157 158 153 153 140  77  83  78 141
 157 157 159 161 160 160 160 160 163 163 157 168  29  32  30 167
 154 153 154 157 158 157 158 164 159 157 157 154  37  21  29 159
 153 158 113 110 114 108 118 103 102  99 123 108 122 121 111 107
 153 155  45  14  18  18  15  16  16  15  12  49 169 162 170  42
 153 162  48  24  24  33  31  31  34  26  26  56 164 154 172  52
 153 160  62  53  58  37  35  40  51  62  61  88 148 147 152  74
 156 157 172 168 171  92  33  33 101 181 169 157  25  18  49 156
 158 159 160 155 159  80  25  26 106 155 152 161  24  38  35 160
 158 153 152 156 170  71  20  22 107 154 163 146  38  37  51 168
 156 154  43  56  57  19  21  20  32  57  57  88 156 161 158 162
 150 163  41  20  17  23  19  19  16  22  23  69 162 156 161 161
  47  50 167 162 175 104  20  29  27  27  29  41 192 166 165 169
 169 160 165 164 176  96  19  29  28  27  32  57 182 165 181  63
 161 161 164 163 175  97  26  30  30  30  32  47 180 164 176  49
 159 159 164 164 172  97  27  14  19  15  17  45 180 171 199  43
 161 162 165 165 168 155 155 159 163 156 156 147  83  87  80 141
 164 164 165 165 165 164 166 164 169 172 167 192  24  23  17 181
 162 162 162 168 169 169 168 172 169 168 167 170  27  16  20 177
 162 172 117 117 124 117 130 117 117 110 133 112 124 121 116 115
 161 169  42  14  17  17  15  17  18  14  11  43 192 171 189  29
 161 182  44  24  23  31  30  29  29  24  18  49 186 161 191  35
 162 176  54  57  65  32  27  28  41  67  61  93 163 158 163  70
 161 163 169 176 188  87  26  18  92 195 175 170  19  21  49 165
 160 161 161 160 176  78  22  18 114 173 161 176   9  33  27 176
 161 162 161 169 196  63  25  23 122 175 174 153  27  34  46 182
 160 171  41  69  75  17  28  26  45  69  61  89 166 162 156 168
 160 183  22  18  21  24  26  26  28  29  24  74 180 164 165 165
  38  38 141 139 149  80  16  28  27  26  21  37 162 142 142 148
 147 134 141 141 147  77  15  28  28  26  25  51 157 143 156  52
 136 137 141 139 148  79  20  29  29  29  27  41 154 141 147  37
 136 137 141 139 145  78  18  10  16  13  14  39 154 153 180  32
 138 140 142 140 138 131 128 134 137 128 131 126  75  84  75 122
 141 141 141 139 139 141 137 134 137 138 136 160  21  26  17 156
 140 140 139 143 147 149 142 145 145 142 144 144  24  16  18 157
 140 147 106 111 116 109 119 107 109 101 120  93 101  99  98 104
 139 142  36  20  21  19  15  17  18  15  10  39 161 140 154  28
 138 152  33  23  23  31  29  29  29  24  17  45 155 136 158  33
 138 148  39  47  54  27  27  26  38  57  50  82 144 143 143  59
 137 134 142 153 163  71  24  17  83 160 147 146  17  20  41 140
 136 135 135 137 149  59  20  16 100 143 136 149   9  33  22 147
 137 136 141 149 169  52  20  18 110 155 152 131  22  27  37 153
 138 145  37  62  67  14  24  23  40  63  57  75 140 140 132 146
 138 153  23  20  21  23  22  23  26  28  23  59 149 135 136 141

 162  63  49  46 141 167 159 107  42  52  74 156 160 168 162 161
 155 164 159 186  78  30  29 111 170 172 152  49  35  51 158 161
 161 159 156 159  83  32  21 121 162 154 147  18  38  37 161 156
 172 164 160 159  77  29  37 122 169 164 148  25  24  38 156 162
  52  57  52  53 140 168 154 108  49  56  88 157 161 146  88  69
  33  36  40  24 153 157 157 123  12  26  61 169 152 163  57  23
  25  22  27  16 153 163 157  99  15  26  62 181 155 154  57  22
  26  26  29  19 158 163 159 102  16  34  51 101 106 107  32  16
  28  28  34  18 157 160 164 103  16  31  40  33  26  22  20  19
  28  27  41  35 156 160 158 118  15  31  35  33  25  20  21  19
 103 105 113 100 157 160 157 108  18  33  37  92  80  71  19  23
 163 166 162 162 160 160 158 114  18  24  58 171 159 170  57  17
 157 160 159 161 161 161 157 110  14  24  53 168 155 156  56  20
 149 158 161 160 160 159 154 113  45  48  62 172 160 152  43  41
  53 164 160 156 158 157 153 158 155 162 160 157 159 153 154 163
  47 168 153 151 154 157 154 153 153 153 153 156 158 158 156 150
 169  63  49  43 141 181 177 115  29  35  70 165 176 182 168 165
 165 181 176 199  80  17  20 116 189 191 163  49  27  46 156 165
 166 165 164 171  87  23  16 121 171 161 158  21  33  34 162 164
 192 182 180 180  83  24  27 124 192 186 163  19   9  27 166 180
  41  57  47  45 147 192 170 112  43  49  93 170 176 153  89  74
  29  32  32  17 156 167 167 133  11  18  61 175 161 174  61  24
  27  27  30  15 156 172 168 110  14  24  67 195 173 175  69  29
  27  28  30  19 163 169 169 117  18  29  41  92 114 122  45  28
  29  29  30  14 159 164 172 117  17  29  28  18  18  23  26  26
  20  19  26  27 155 166 168 130  15  30  27  26  22  25  28  26
 104  96  97  97 155 164 169 117  17  31  32  87  78  63  17  24
 175 176 175 172 168 165 169 124  17  23  65 188 176 196  75  21
 162 164 163 164 165 165 168 117  14  24  57 176 160 169  69  18
 167 165 164 164 165 165 162 117  42  44  54 169 161 161  41  22
  50 160 161 159 162 164 162 172 169 182 176 163 161 162 171 183
  47 169 161 159 161 164 162 162 161 161 162 161 160 161 160 160
 148  52  37  32 122 156 157 104  28  33  59 140 147 153 146 141
 142 156 147 180  75  17  18  98 154 158 143  41  22  37 132 136
 142 143 141 153  84  26  16  99 140 136 143  20  33  27 140 135
 162 157 154 154  75  21  24 101 161 155 144  17   9  22 140 149
  37  51  41  39 126 160 144  93  39  45  82 146 149 131  75  59
  21  25  27  14 131 136 144 120  10  17  50 147 136 152  57  23
  26  26  29  13 128 138 142 101  15  24  57 160 143 155  63  28
  27  28  29  16 137 137 145 109  18  29  38  83 100 110  40  26
  28  28  29  10 134 134 145 107  17  29  26  17  16  18  23  23
  16  15  20  18 128 137 142 119  15  29  27  24  20  20  24  22
  80  77  79  78 131 141 149 109  19  31  27  71  59  52  14  23
 149 147 148 145 138 139 147 116  21  23  54 163 149 169  67  21
 139 141 139 139 140 139 143 111  20  23  47 153 137 149  62  20
 141 141 141 141 142 141 139 106  36  33  39 142 135 141  37  23
  38 134 137 137 140 141 140 147 142 152 148 134 135 136 145 153
  38 147 136 136 138 141 140 140 139 138 138 137 136 137 138 138

 161 161 156 162  69  23  22  16  19  19  23  17  20  41 163 150
 162 158 161 156  88  57  57  32  20  21  19  57  56  43 154 156
 168  51  37  38 146 163 154 107  22  20  71 170 156 152 153 158
 160  35  38  24 161 152 155 106  26  25  80 159 155 160 159 158
 156  49  18  25 157 169 181 101  33  33  92 171 168 172 157 156
  74 152 147 148  88  61  62  51  40  35  37  58  53  62 160 153
  52 172 154 164  56  26  26  34  31  31  33  24  24  48 162 153
  42 170 162 169  49  12  15  16  16  15  18  18  14  45 155 153
 107 111 121 122 108 123  99 102 103 118 108 114 110 113 158 153
 159  29  21  37 154 157 157 159 164 158 157 158 157 154 153 154
 167  30  32  29 168 157 163 163 160 160 160 160 161 159 157 157
 141  78  83  77 140 153 153 158 157 156 157 160 161 160 158 154
  46 186 159 159  53  24  16  19  18  35 100 162 161 160 156 151
  49 159 156 160  52  40  27  29  34  41 113 162 159 161 160 153
  63 164 159 164  57  36  22  26  28  27 105 166 160 158 164 168
 162 155 161 172  52  33  25  26  28  28 103 163 157 149  53  47
 165 165 164 180  74  24  29  28  26  26  24  21  18  22 183 160
 168 156 162 166  89  61  69  45  26  28  17  75  69  41 171 160
 182  46  34  27 153 174 175 122  23  25  63 196 169 161 162 161
 176  27  33   9 176 161 173 114  18  22  78 176 160 161 161 160
 165  49  21  19 170 175 195  92  18  26  87 188 176 169 163 161
  70 163 158 163  93  61  67  41  28  27  32  65  57  54 176 162
  35 191 161 186  49  18  24  29  29  30  31  23  24  44 182 161
  29 189 171 192  43  11  14  18  17  15  17  17  14  42 169 161
 115 116 121 124 112 133 110 117 117 130 117 124 117 117 172 162
 177  20  16  27 170 167 168 169 172 168 169 169 168 162 162 162
 181  17  23  24 192 167 172 169 164 166 164 165 165 165 164 164
 141  80  87  83 147 156 156 163 159 155 155 168 165 165 162 161
  43 199 171 180  45  17  15  19  14  27  97 172 164 164 159 159
  49 176 164 180  47  32  30  30  30  26  97 175 163 164 161 161
  63 181 165 182  57  32  27  28  29  19  96 176 164 165 160 169
 169 165 166 192  41  29  27  27  29  20 104 175 162 167  50  47
 141 136 135 149  59  23  28  26  23  22  23  21  20  23 153 138
 146 132 140 140  75  57  63  40  23  24  14  67  62  37 145 138
 153  37  27  22 131 152 155 110  18  20  52 169 149 141 136 137
 147  22  33   9 149 136 143 100  16  20  59 149 137 135 135 136
 140  41  20  17 146 147 160  83  17  24  71 163 153 142 134 137
  59 143 143 144  82  50  57  38  26  27  27  54  47  39 148 138
  33 158 136 155  45  17  24  29  29  29  31  23  23  33 152 138
  28 154 140 161  39  10  15  18  17  15  19  21  20  36 142 139
 104  98  99 101  93 120 101 109 107 119 109 116 111 106 147 140
 157  18  16  24 144 144 142 145 145 142 149 147 143 139 140 140
 156  17  26  21 160 136 138 137 134 137 141 139 139 141 141 141
 122  75  84  75 126 131 128 137 134 128 131 138 140 142 140 138
  32 180 153 154  39  14  13  16  10  18  78 145 139 141 137 136
  37 147 141 154  41  27  29  29  29  20  79 148 139 141 137 136
  52 156 143 157  51  25  26  28  28  15  77 147 141 141 134 147
 148 142 142 162  37  21  26  27  28  16  80 149 139 141  38  38

 150 156 158 158 156 153 153 153 153 154 157 154 151 153 168  47
 163 154 153 159 157 160 162 155 158 153 157 158 156 160 164  53
  41  43 152 160 172  62  48  45 113 154 159 160 160 161 158 149
  20  56 156 155 168  53  24  14 110 157 161 161 161 159 160 157
  17  57 170 159 171  58  24  18 114 158 160 160 162 162 166 163
  23  19  71  80  92  37  33  18 108 157 160 157 100 113 105 103
  19  21  20  25  33  35  31  15 118 158 160 156  35  41  27  28
  19  20  22  26  33  40  31  16 103 164 160 157  18  34  28  28
  16  32 107 106 101  51  34  16 102 159 163 158  19  29  26  26
  22  57 154 155 181  62  26  15  99 157 163 153  16  27  22  25
  23  57 163 152 169  61  26  12 123 157 157 153  24  40  36  33
  69  88 146 161 157  88  56  49 108 154 168 140  53  52  57  52
 162 156  38  24  25 148 164 169 122  37  29  77 159 160 164 172
 156 161  37  38  18 147 154 162 121  21  32  83 159 156 159 161
 161 158  51  35  49 152 172 170 111  29  30  78 186 159 164 155
 161 162 168 160 156  74  52  42 107 159 167 141  46  49  63 162
 160 160 161 160 161 162 161 161 162 162 164 161 159 161 169  47
 183 171 162 161 163 176 182 169 172 162 164 162 159 161 160  50
  22  41 161 161 169  54  44  42 117 162 165 165 164 164 165 167
  18  69 169 160 176  57  24  14 117 168 165 165 164 163 164 162
  21  75 196 176 188  65  23  17 124 169 165 168 172 175 176 175
  24  17  63  78  87  32  31  17 117 169 164 155  97  97  96 104
  26  28  25  22  26  27  30  15 130 168 166 155  27  26  19  20
  26  26  23  18  18  28  29  17 117 172 164 159  14  30  29  29
  28  45 122 114  92  41  29  18 117 169 169 163  19  30  28  27
  29  69 175 173 195  67  24  14 110 168 172 156  15  30  27  27
  24  61 174 161 175  61  18  11 133 167 167 156  17  32  32  29
  74  89 153 176 170  93  49  43 112 170 192 147  45  47  57  41
 180 166  27   9  19 163 186 192 124  27  24  83 180 180 182 192
 164 162  34  33  21 158 161 171 121  16  23  87 171 164 165 166
 165 156  46  27  49 163 191 189 116  20  17  80 199 176 181 165
 165 168 182 176 165  70  35  29 115 177 181 141  43  49  63 169
 138 138 137 136 137 138 138 139 140 140 141 138 136 136 147  38
 153 145 136 135 134 148 152 142 147 140 141 140 137 137 134  38
  23  37 141 135 142  39  33  36 106 139 141 142 141 141 141 141
  20  62 149 137 153  47  23  20 111 143 139 140 139 139 141 139
  21  67 169 149 163  54  23  21 116 147 139 138 145 148 147 149
  23  14  52  59  71  27  31  19 109 149 141 131  78  79  77  80
  22  24  20  20  24  27  29  15 119 142 137 128  18  20  15  16
  23  23  18  16  17  26  29  17 107 145 134 134  10  29  28  28
  26  40 110 100  83  38  29  18 109 145 137 137  16  29  28  27
  28  63 155 143 160  57  24  15 101 142 138 128  13  29  26  26
  23  57 152 136 147  50  17  10 120 144 136 131  14  27  25  21
  59  75 131 149 146  82  45  39  93 144 160 126  39  41  51  37
 149 140  22   9  17 144 155 161 101  24  21  75 154 154 157 162
 135 140  27  33  20 143 136 140  99  16  26  84 153 141 143 142
 136 132  37  22  41 143 158 154  98  18  17  75 180 147 156 142
 141 146 153 147 140  59  33  28 104 157 156 122  32  37  52 148

