  38  47  69  67  56  59  50  42  38  36 115 162 177 181 190  75
  41  85 183 165 171 176 138  41  34  40  48  54  43  38  51 182
  44  76 188 170 172 174 115  42  36  37  36  42  42  48  68 182
  43  69 186 171 173 172 124  48  36  34  38  38  37  45  65 190
  43  65 180 171 176 175 117  43  35  41  43  40  37  42  63 204
  42  65 139 135 137 132  88  32  32  39  39  40  38  41  62 197
  34  31  20  17  26  31  35  33  32  32  34  38  36  39  46 208
  32  33  38  38  36  35  34  33  33  33  33  37  36  40  42 208
  33  39  32  33  29  29  36  35  34  34  35  37  36  43  48 194
  38  49  94  83  91  89  67  37  35  34  34  38  36  45  45 190
  44  78 186 179 183 180 107  38  34  34  33  34  37  45  65 187
  44  76 187 174 174 174 103  41  35  34  33  33  39  45  57 184
  38  86 185 174 171 180 113  41  36  35  35  37  40  41  50 217
  32  99 187 175 176 192 119  40  39  41  42  33  38  38  43 208
  32  59  96  98 104 109  73  38  40  42  89 114 117 116 109 160
  34  28  28  28  25  27  36  34  39  38 158 177 185 187 195  45
  38  39  74  69  56  57  46  38  39  34 114 166 182 181 193  74
  40  77 194 175 176 184 138  35  40  39  50  52  42  35  39 188
  38  60 202 173 173 182 112  33  40  38  38  40  41  44  44 185
  38  49 200 173 173 177 118  32  38  36  38  39  39  42  43 192
  40  47 193 178 179 183 105  31  38  37  38  39  39  43  39 217
  37  58 146 142 141 139  84  33  39  37  37  38  40  43  40 211
  36  37  23  17  25  33  37  41  38  35  37  39  39  42  29 220
  38  37  38  37  38  38  37  39  39  37  36  38  38  40  25 213
  37  39  32  31  29  28  39  39  38  38  37  37  38  40  28 197
  37  41 105  87  95  94  66  39  37  37  36  38  39  43  25 194
  36  69 196 181 186 191  99  33  36  37  37  38  38  43  54 192
  38  71 194 173 174 183  89  30  37  37  37  39  39  42  46 189
  38  89 194 173 173 186  96  29  37  37  38  40  40  42  33 221
  33 101 199 179 180 200 104  29  38  37  38  30  32  37  29 218
  33  67 108 103 108 117  66  38  38  34  85 120 117 115 109 163
  36  35  29  27  26  28  35  37  37  28 160 186 185 184 207  34
  38  37  66  62  54  52  44  34  36  34 103 144 158 159 178  65
  37  71 172 151 154 157 127  27  34  39  44  47  37  30  34 166
  35  57 176 149 148 152  99  28  36  37  34  39  40  42  41 164
  33  49 175 150 151 150 108  26  37  36  35  38  38  36  38 175
  32  45 171 153 154 153  98  27  36  35  36  38  38  34  36 194
  34  57 137 128 124 123  79  28  34  34  35  35  36  37  38 187
  35  36  23  17  23  30  35  35  31  32  34  37  34  37  27 200
  36  36  38  37  34  33  35  36  31  30  33  37  37  38  24 197
  36  35  31  30  26  25  34  35  32  31  34  37  37  36  26 177
  36  36  95  76  84  80  53  35  35  34  36  38  36  33  21 174
  36  60 171 156 161 164  85  34  35  35  36  36  37  35  45 172
  38  60 173 149 150 160  78  31  34  35  33  34  37  39  40 170
  37  76 174 149 151 168  90  31  35  34  32  35  37  39  30 206
  32  92 177 154 157 182  97  31  38  35  34  29  30  35  26 198
  32  61  96  94 102 108  59  37  36  32  74 107 103 101  96 147
  36  32  27  27  26  27  32  35  35  25 144 157 156 157 178  32

  75 182 182 190 204 197 208 208 194 190 187 184 217 208 160  45
 190  51  68  65  63  62  46  42  48  45  65  57  50  43 109 195
 181  38  48  45  42  41  39  40  43  45  45  45  41  38 116 187
 177  43  42  37  37  38  36  36  36  36  37  39  40  38 117 185
 162  54  42  38  40  40  38  37  37  38  34  33  37  33 114 177
 115  48  36  38  43  39  34  33  35  34  33  33  35  42  89 158
  36  40  37  34  41  39  32  33  34  34  34  34  35  41  42  38
  38  34  36  36  35  32  32  33  34  35  34  35  36  39  40  39
  42  41  42  48  43  32  33  33  35  37  38  41  41  40  38  34
  50 138 115 124 117  88  35  34  36  67 107 103 113 119  73  36
  59 176 174 172 175 132  31  35  29  89 180 174 180 192 109  27
  56 171 172 173 176 137  26  36  29  91 183 174 171 176 104  25
  67 165 170 171 171 135  17  38  33  83 179 174 174 175  98  28
  69 183 188 186 180 139  20  38  32  94 186 187 185 187  96  28
  47  85  76  69  65  65  31  33  39  49  78  76  86  99  59  28
  38  41  44  43  43  42  34  32  33  38  44  44  38  32  32  34
  74 188 185 192 217 211 220 213 197 194 192 189 221 218 163  34
 193  39  44  43  39  40  29  25  28  25  54  46  33  29 109 207
 181  35  44  42  43  43  42  40  40  43  43  42  42  37 115 184
 182  42  41  39  39  40  39  38  38  39  38  39  40  32 117 185
 166  52  40  39  39  38  39  38  37  38  38  39  40  30 120 186
 114  50  38  38  38  37  37  36  37  36  37  37  38  38  85 160
  34  39  38  36  37  37  35  37  38  37  37  37  37  37  34  28
  39  40  40  38  38  39  38  39  38  37  36  37  37  38  38  37
  38  35  33  32  31  33  41  39  39  39  33  30  29  29  38  37
  46 138 112 118 105  84  37  37  39  66  99  89  96 104  66  35
  57 184 182 177 183 139  33  38  28  94 191 183 186 200 117  28
  56 176 173 173 179 141  25  38  29  95 186 174 173 180 108  26
  69 175 173 173 178 142  17  37  31  87 181 173 173 179 103  27
  74 194 202 200 193 146  23  38  32 105 196 194 194 199 108  29
  39  77  60  49  47  58  37  37  39  41  69  71  89 101  67  35
  38  40  38  38  40  37  36  38  37  37  36  38  38  33  33  36
  65 166 164 175 194 187 200 197 177 174 172 170 206 198 147  32
 178  34  41  38  36  38  27  24  26  21  45  40  30  26  96 178
 159  30  42  36  34  37  37  38  36  33  35  39  39  35 101 157
 158  37  40  38  38  36  34  37  37  36  37  37  37  30 103 156
 144  47  39  38  38  35  37  37  37  38  36  34  35  29 107 157
 103  44  34  35  36  35  34  33  34  36  36  33  32  34  74 144
  34  39  37  36  35  34  32  30  31  34  35  35  34  35  32  25
  36  34  36  37  36  34  31  31  32  35  35  34  35  38  36  35
  34  27  28  26  27  28  35  36  35  35  34  31  31  31  37  35
  44 127  99 108  98  79  35  35  34  53  85  78  90  97  59  32
  52 157 152 150 153 123  30  33  25  80 164 160 168 182 108  27
  54 154 148 151 154 124  23  34  26  84 161 150 151 157 102  26
  62 151 149 150 153 128  17  37  30  76 156 149 149 154  94  27
  66 172 176 175 171 137  23  38  31  95 171 173 174 177  96  27
  37  71  57  49  45  57  36  36  35  36  60  60  76  92  61  32
  38  37  35  33  32  34  35  36  36  36  36  38  37  32  32  36

  45 195 187 185 177 158  38  39  34  36  27  25  28  28  28  34
 160 109 116 117 114  89  42  40  38  73 109 104  98  96  59  32
 208  43  38  38  33  42  41  39  40 119 192 176 175 187  99  32
 217  50  41  40  37  35  35  36  41 113 180 171 174 185  86  38
 184  57  45  39  33  33  34  35  41 103 174 174 174 187  76  44
 187  65  45  37  34  33  34  34  38 107 180 183 179 186  78  44
 190  45  45  36  38  34  34  35  37  67  89  91  83  94  49  38
 194  48  43  36  37  35  34  34  35  36  29  29  33  32  39  33
 208  42  40  36  37  33  33  33  33  34  35  36  38  38  33  32
 208  46  39  36  38  34  32  32  33  35  31  26  17  20  31  34
 197  62  41  38  40  39  39  32  32  88 132 137 135 139  65  42
 204  63  42  37  40  43  41  35  43 117 175 176 171 180  65  43
 190  65  45  37  38  38  34  36  48 124 172 173 171 186  69  43
 182  68  48  42  42  36  37  36  42 115 174 172 170 188  76  44
 182  51  38  43  54  48  40  34  41 138 176 171 165 183  85  41
  75 190 181 177 162 115  36  38  42  50  59  56  67  69  47  38
  34 207 184 185 186 160  28  37  37  35  28  26  27  29  35  36
 163 109 115 117 120  85  34  38  38  66 117 108 103 108  67  33
 218  29  37  32  30  38  37  38  29 104 200 180 179 199 101  33
 221  33  42  40  40  38  37  37  29  96 186 173 173 194  89  38
 189  46  42  39  39  37  37  37  30  89 183 174 173 194  71  38
 192  54  43  38  38  37  37  36  33  99 191 186 181 196  69  36
 194  25  43  39  38  36  37  37  39  66  94  95  87 105  41  37
 197  28  40  38  37  37  38  38  39  39  28  29  31  32  39  37
 213  25  40  38  38  36  37  39  39  37  38  38  37  38  37  38
 220  29  42  39  39  37  35  38  41  37  33  25  17  23  37  36
 211  40  43  40  38  37  37  39  33  84 139 141 142 146  58  37
 217  39  43  39  39  38  37  38  31 105 183 179 178 193  47  40
 192  43  42  39  39  38  36  38  32 118 177 173 173 200  49  38
 185  44  44  41  40  38  38  40  33 112 182 173 173 202  60  38
 188  39  35  42  52  50  39  40  35 138 184 176 175 194  77  40
  74 193 181 182 166 114  34  39  38  46  57  56  69  74  39  38
  32 178 157 156 157 144  25  35  35  32  27  26  27  27  32  36
 147  96 101 103 107  74  32  36  37  59 108 102  94  96  61  32
 198  26  35  30  29  34  35  38  31  97 182 157 154 177  92  32
 206  30  39  37  35  32  34  35  31  90 168 151 149 174  76  37
 170  40  39  37  34  33  35  34  31  78 160 150 149 173  60  38
 172  45  35  37  36  36  35  35  34  85 164 161 156 171  60  36
 174  21  33  36  38  36  34  35  35  53  80  84  76  95  36  36
 177  26  36  37  37  34  31  32  35  34  25  26  30  31  35  36
 197  24  38  37  37  33  30  31  36  35  33  34  37  38  36  36
 200  27  37  34  37  34  32  31  35  35  30  23  17  23  36  35
 187  38  37  36  35  35  34  34  28  79 123 124 128 137  57  34
 194  36  34  38  38  36  35  36  27  98 153 154 153 171  45  32
 175  38  36  38  38  35  36  37  26 108 150 151 150 175  49  33
 164  41  42  40  39  34  37  36  28  99 152 148 149 176  57  35
 166  34  30  37  47  44  39  34  27 127 157 154 151 172  71  37
  65 178 159 158 144 103  34  36  34  44  52  54  62  66  37  38

  34  32  32  38  44  44  38  33  32  34  42  43  43  44  41  38
  28  59  99  86  76  78  49  39  33  31  65  65  69  76  85  47
  28  96 187 185 187 186  94  32  38  20 139 180 186 188 183  69
  28  98 175 174 174 179  83  33  38  17 135 171 171 170 165  67
  25 104 176 171 174 183  91  29  36  26 137 176 173 172 171  56
  27 109 192 180 174 180  89  29  35  31 132 175 172 174 176  59
  36  73 119 113 103 107  67  36  34  35  88 117 124 115 138  50
  34  38  40  41  41  38  37  35  33  33  32  43  48  42  41  42
  39  40  39  36  35  34  35  34  33  32  32  35  36  36  34  38
  38  42  41  35  34  34  34  34  33  32  39  41  34  37  40  36
 158  89  42  35  33  33  34  35  33  34  39  43  38  36  48 115
 177 114  33  37  33  34  38  37  37  38  40  40  38  42  54 162
 185 117  38  40  39  37  36  36  36  36  38  37  37  42  43 177
 187 116  38  41  45  45  45  43  40  39  41  42  45  48  38 181
 195 109  43  50  57  65  45  48  42  46  62  63  65  68  51 190
  45 160 208 217 184 187 190 194 208 208 197 204 190 182 182  75
  36  33  33  38  38  36  37  37  38  36  37  40  38  38  40  38
  35  67 101  89  71  69  41  39  37  37  58  47  49  60  77  39
  29 108 199 194 194 196 105  32  38  23 146 193 200 202 194  74
  27 103 179 173 173 181  87  31  37  17 142 178 173 173 175  69
  26 108 180 173 174 186  95  29  38  25 141 179 173 173 176  56
  28 117 200 186 183 191  94  28  38  33 139 183 177 182 184  57
  35  66 104  96  89  99  66  39  37  37  84 105 118 112 138  46
  37  38  29  29  30  33  39  39  39  41  33  31  32  33  35  38
  37  38  38  37  37  36  37  38  39  38  39  38  38  40  40  39
  28  34  37  37  37  37  37  38  37  35  37  37  36  38  39  34
 160  85  38  38  37  37  36  37  36  37  37  38  38  38  50 114
 186 120  30  40  39  38  38  37  38  39  38  39  39  40  52 166
 185 117  32  40  39  38  39  38  38  39  40  39  39  41  42 182
 184 115  37  42  42  43  43  40  40  42  43  43  42  44  35 181
 207 109  29  33  46  54  25  28  25  29  40  39  43  44  39 193
  34 163 218 221 189 192 194 197 213 220 211 217 192 185 188  74
  36  32  32  37  38  36  36  36  36  35  34  32  33  35  37  38
  32  61  92  76  60  60  36  35  36  36  57  45  49  57  71  37
  27  96 177 174 173 171  95  31  38  23 137 171 175 176 172  66
  27  94 154 149 149 156  76  30  37  17 128 153 150 149 151  62
  26 102 157 151 150 161  84  26  34  23 124 154 151 148 154  54
  27 108 182 168 160 164  80  25  33  30 123 153 150 152 157  52
  32  59  97  90  78  85  53  34  35  35  79  98 108  99 127  44
  35  37  31  31  31  34  35  35  36  35  28  27  26  28  27  34
  35  36  38  35  34  35  35  32  31  31  34  36  37  36  34  36
  25  32  35  34  35  35  34  31  30  32  34  35  36  37  39  34
 144  74  34  32  33  36  36  34  33  34  35  36  35  34  44 103
 157 107  29  35  34  36  38  37  37  37  35  38  38  39  47 144
 156 103  30  37  37  37  36  37  37  34  36  38  38  40  37 158
 157 101  35  39  39  35  33  36  38  37  37  34  36  42  30 159
 178  96  26  30  40  45  21  26  24  27  38  36  38  41  34 178
  32 147 198 206 170 172 174 177 197 200 187 194 175 164 166  65

