 170 171 172 171 181  48  49  27 175 162 162 166 171 171 168 167
 171 172 173 172 173  85  97  95 138 159 148 162 172 170 170 171
 174 172 171 169 164 177 181 184  64  50  30 143 167 169 169 169
 170 173 172 172 171 170 165 172  63  52  37 138 162 166 169 171
 169 169 169 170 170 169 166 184  59  53  29 144 173 167 163 169
 173 172 169 168 169 169 166 188  55  50  45  42  59  46  98 182
 175 174 171 172 173 172 167 183  63  41  43  43  42  38  85 175
 173 174 173 171 170 177 183 196  70  33  33  38  46  34  96 178
 173 172 170 169 159  69  75  70 145 192 199 120  41  35  82 181
 172 170 171 170 171  43  55  41 164 158 170 110  37  33  82 180
 173 172 171 171 184  38  45  29 168 165 178 118  29  37  74 180
 171 171 170 169 179  37  52  35 177 165 174 149 129 130 123 170
 171 172 169 168 183  54  52  25 167 169 172 172 174 177 171 172
 166 169 170 168 177  52  54  29 167 165 165 165 164 166 167 171
 159 162 171 168 173  95  79  80 153 161 163 169 170 159 153 168
  24  97 173 166 170 179 175 183  57  41  55  57  57  52  85 178
 170 171 171 171 176  33  32  26 182 167 167 168 169 170 171 169
 169 170 171 171 167  77  92  97 136 157 148 160 171 170 170 170
 170 170 171 171 171 184 191 192  54  25  14 138 174 170 170 169
 169 171 171 171 171 172 173 179  58  41  28 139 172 169 169 170
 170 171 171 171 171 174 174 189  51  41  25 148 184 176 171 171
 170 171 171 171 172 174 173 192  48  41  40  30  44  30  90 184
 170 171 170 171 172 172 171 187  56  35  42  42  43  33  83 180
 172 171 171 173 178 184 193 201  52   9  17  29  41  30  96 180
 171 171 172 173 162  64  65  60 149 200 202 119  35  31  80 181
 172 170 170 172 178  45  46  35 169 168 177 106  32  32  84 180
 170 169 169 170 186  38  43  27 169 169 180 110  22  36  76 179
 169 169 170 172 180  34  44  32 178 169 175 149 132 136 130 173
 169 170 171 170 184  50  45  23 170 171 171 173 180 187 178 171
 168 170 171 170 178  47  47  29 172 170 170 169 168 168 168 170
 162 165 172 170 171  91  77  83 157 171 165 173 168 165 160 169
  15  95 180 172 174 188 191 195  55  24  20  18  27  27  75 175
 147 147 145 143 153  27  31  22 164 145 147 144 144 147 147 146
 150 149 148 145 144  67  79  85 122 136 123 137 145 145 145 145
 147 148 150 150 151 163 168 168  42  25  13 122 146 144 145 145
 145 147 145 147 148 147 143 154  49  38  26 124 144 143 143 144
 145 148 148 148 147 145 142 158  41  37  24 143 164 154 146 144
 146 148 148 147 145 145 143 163  39  40  37  22  35  23  78 159
 146 147 146 145 145 146 144 163  50  30  33  33  33  30  72 154
 144 146 146 146 153 162 168 183  45   6  12  25  33  27  83 155
 145 145 146 144 134  50  53  50 134 187 192 109  30  27  72 156
 145 144 144 142 151  31  41  31 151 141 151  91  31  31  74 153
 145 145 145 143 161  26  40  24 154 142 153  96  17  30  64 153
 144 145 147 146 155  27  42  27 159 143 149 126 112 116 111 151
 143 146 146 143 156  39  40  20 153 145 145 150 158 165 153 144
 145 146 143 139 150  33  39  25 155 144 147 148 148 146 146 147
 136 138 144 141 144  76  62  65 141 145 142 151 149 139 135 147
  14  84 153 142 145 161 161 169  45  19  20  18  21  24  70 158

 167 171 169 171 169 182 175 178 181 180 180 170 172 171 168 178
 168 170 169 169 163  98  85  96  82  82  74 123 171 167 153  85
 171 170 169 166 167  46  38  34  35  33  37 130 177 166 159  52
 171 172 167 162 173  59  42  46  41  37  29 129 174 164 170  57
 166 162 143 138 144  42  43  38 120 110 118 149 172 165 169  57
 162 148  30  37  29  45  43  33 199 170 178 174 172 165 163  55
 162 159  50  52  53  50  41  33 192 158 165 165 169 165 161  41
 175 138  64  63  59  55  63  70 145 164 168 177 167 167 153  57
  27  95 184 172 184 188 183 196  70  41  29  35  25  29  80 183
  49  97 181 165 166 166 167 183  75  55  45  52  52  54  79 175
  48  85 177 170 169 169 172 177  69  43  38  37  54  52  95 179
 181 173 164 171 170 169 173 170 159 171 184 179 183 177 173 170
 171 172 169 172 170 168 172 171 169 170 171 169 168 168 168 166
 172 173 171 172 169 169 171 173 170 171 171 170 169 170 171 173
 171 172 172 173 169 172 174 174 172 170 172 171 172 169 162  97
 170 171 174 170 169 173 175 173 173 172 173 171 171 166 159  24
 169 170 169 170 171 184 180 180 181 180 179 173 171 170 169 175
 171 170 170 169 171  90  83  96  80  84  76 130 178 168 160  75
 170 170 170 169 176  30  33  30  31  32  36 136 187 168 165  27
 169 171 174 172 184  44  43  41  35  32  22 132 180 168 168  27
 168 160 138 139 148  30  42  29 119 106 110 149 173 169 173  18
 167 148  14  28  25  40  42  17 202 177 180 175 171 170 165  20
 167 157  25  41  41  41  35   9 200 168 169 169 171 170 171  24
 182 136  54  58  51  48  56  52 149 169 169 178 170 172 157  55
  26  97 192 179 189 192 187 201  60  35  27  32  23  29  83 195
  32  92 191 173 174 173 171 193  65  46  43  44  45  47  77 191
  33  77 184 172 174 174 172 184  64  45  38  34  50  47  91 188
 176 167 171 171 171 172 172 178 162 178 186 180 184 178 171 174
 171 171 171 171 171 171 171 173 173 172 170 172 170 170 170 172
 171 171 171 171 171 171 170 171 172 170 169 170 171 171 172 180
 171 170 170 171 171 171 171 171 171 170 169 169 170 170 165  95
 170 169 170 169 170 170 170 172 171 172 170 169 169 168 162  15
 146 145 145 144 144 159 154 155 156 153 153 151 144 147 147 158
 147 145 145 143 146  78  72  83  72  74  64 111 153 146 135  70
 147 145 144 143 154  23  30  27  27  31  30 116 165 146 139  24
 144 145 146 144 164  35  33  33  30  31  17 112 158 148 149  21
 144 137 122 124 143  22  33  25 109  91  96 126 150 148 151  18
 147 123  13  26  24  37  33  12 192 151 153 149 145 147 142  20
 145 136  25  38  37  40  30   6 187 141 142 143 145 144 145  19
 164 122  42  49  41  39  50  45 134 151 154 159 153 155 141  45
  22  85 168 154 158 163 163 183  50  31  24  27  20  25  65 169
  31  79 168 143 142 143 144 168  53  41  40  42  40  39  62 161
  27  67 163 147 145 145 146 162  50  31  26  27  39  33  76 161
 153 144 151 148 147 145 145 153 134 151 161 155 156 150 144 145
 143 145 150 147 148 147 145 146 144 142 143 146 143 139 141 142
 145 148 150 145 148 148 146 146 146 144 145 147 146 143 144 153
 147 149 148 147 148 148 147 146 145 144 145 145 146 146 138  84
 147 150 147 145 145 146 146 144 145 145 145 144 143 145 136  14

 178  85  52  57  57  55  41  57 183 175 179 170 166 173  97  24
 168 153 159 170 169 163 161 153  80  79  95 173 168 171 162 159
 171 167 166 164 165 165 165 167  29  54  52 177 168 170 169 166
 172 171 177 174 172 172 169 167  25  52  54 183 168 169 172 171
 170 123 130 129 149 174 165 177  35  52  37 179 169 170 171 171
 180  74  37  29 118 178 165 168  29  45  38 184 171 171 172 173
 180  82  33  37 110 170 158 164  41  55  43 171 170 171 170 172
 181  82  35  41 120 199 192 145  70  75  69 159 169 170 172 173
 178  96  34  46  38  33  33  70 196 183 177 170 171 173 174 173
 175  85  38  42  43  43  41  63 183 167 172 173 172 171 174 175
 182  98  46  59  42  45  50  55 188 166 169 169 168 169 172 173
 169 163 167 173 144  29  53  59 184 166 169 170 170 169 169 169
 171 169 166 162 138  37  52  63 172 165 170 171 172 172 173 170
 169 169 169 167 143  30  50  64 184 181 177 164 169 171 172 174
 171 170 170 172 162 148 159 138  95  97  85 173 172 173 172 171
 167 168 171 171 166 162 162 175  27  49  48 181 171 172 171 170
 175  75  27  27  18  20  24  55 195 191 188 174 172 180  95  15
 169 160 165 168 173 165 171 157  83  77  91 171 170 172 165 162
 170 168 168 168 169 170 170 172  29  47  47 178 170 171 170 168
 171 178 187 180 173 171 171 170  23  45  50 184 170 171 170 169
 173 130 136 132 149 175 169 178  32  44  34 180 172 170 169 169
 179  76  36  22 110 180 169 169  27  43  38 186 170 169 169 170
 180  84  32  32 106 177 168 169  35  46  45 178 172 170 170 172
 181  80  31  35 119 202 200 149  60  65  64 162 173 172 171 171
 180  96  30  41  29  17   9  52 201 193 184 178 173 171 171 172
 180  83  33  43  42  42  35  56 187 171 172 172 171 170 171 170
 184  90  30  44  30  40  41  48 192 173 174 172 171 171 171 170
 171 171 176 184 148  25  41  51 189 174 174 171 171 171 171 170
 170 169 169 172 139  28  41  58 179 173 172 171 171 171 171 169
 169 170 170 174 138  14  25  54 192 191 184 171 171 171 170 170
 170 170 170 171 160 148 157 136  97  92  77 167 171 171 170 169
 169 171 170 169 168 167 167 182  26  32  33 176 171 171 171 170
 158  70  24  21  18  20  19  45 169 161 161 145 142 153  84  14
 147 135 139 149 151 142 145 141  65  62  76 144 141 144 138 136
 147 146 146 148 148 147 144 155  25  39  33 150 139 143 146 145
 144 153 165 158 150 145 145 153  20  40  39 156 143 146 146 143
 151 111 116 112 126 149 143 159  27  42  27 155 146 147 145 144
 153  64  30  17  96 153 142 154  24  40  26 161 143 145 145 145
 153  74  31  31  91 151 141 151  31  41  31 151 142 144 144 145
 156  72  27  30 109 192 187 134  50  53  50 134 144 146 145 145
 155  83  27  33  25  12   6  45 183 168 162 153 146 146 146 144
 154  72  30  33  33  33  30  50 163 144 146 145 145 146 147 146
 159  78  23  35  22  37  40  39 163 143 145 145 147 148 148 146
 144 146 154 164 143  24  37  41 158 142 145 147 148 148 148 145
 144 143 143 144 124  26  38  49 154 143 147 148 147 145 147 145
 145 145 144 146 122  13  25  42 168 168 163 151 150 150 148 147
 145 145 145 145 137 123 136 122  85  79  67 144 145 148 149 150
 146 147 147 144 144 147 145 164  22  31  27 153 143 145 147 147

  24 159 166 171 171 173 172 173 173 175 173 169 170 174 171 170
  97 162 169 172 171 172 170 172 174 174 172 169 173 172 172 171
 173 171 170 169 170 171 171 170 173 171 169 169 172 171 173 172
 166 168 168 168 169 171 170 169 171 172 168 170 172 169 172 171
 170 173 177 183 179 184 171 159 170 173 169 170 171 164 173 181
 179  95  52  54  37  38  43  69 177 172 169 169 170 177  85  48
 175  79  54  52  52  45  55  75 183 167 166 166 165 181  97  49
 183  80  29  25  35  29  41  70 196 183 188 184 172 184  95  27
  57 153 167 167 177 168 164 145  70  63  55  59  63  64 138 175
  41 161 165 169 165 165 158 192  33  41  50  53  52  50 159 162
  55 163 165 172 174 178 170 199  33  43  45  29  37  30 148 162
  57 169 165 172 149 118 110 120  38  43  42 144 138 143 162 166
  57 170 164 174 129  29  37  41  46  42  59 173 162 167 172 171
  52 159 166 177 130  37  33  35  34  38  46 167 166 169 170 171
  85 153 167 171 123  74  82  82  96  85  98 163 169 169 170 168
 178 168 171 172 170 180 180 181 178 175 182 169 171 169 171 167
  15 162 168 169 169 170 172 171 172 170 170 170 169 170 169 170
  95 165 170 170 169 169 170 171 171 171 171 171 171 170 170 171
 180 172 171 171 170 169 170 172 171 170 171 171 171 171 171 171
 172 170 170 170 172 170 172 173 173 171 171 171 171 171 171 171
 174 171 178 184 180 186 178 162 178 172 172 171 171 171 167 176
 188  91  47  50  34  38  45  64 184 172 174 174 172 184  77  33
 191  77  47  45  44  43  46  65 193 171 173 174 173 191  92  32
 195  83  29  23  32  27  35  60 201 187 192 189 179 192  97  26
  55 157 172 170 178 169 169 149  52  56  48  51  58  54 136 182
  24 171 170 171 169 169 168 200   9  35  41  41  41  25 157 167
  20 165 170 171 175 180 177 202  17  42  40  25  28  14 148 167
  18 173 169 173 149 110 106 119  29  42  30 148 139 138 160 168
  27 168 168 180 132  22  32  35  41  43  44 184 172 174 171 169
  27 165 168 187 136  36  32  31  30  33  30 176 169 170 170 170
  75 160 168 178 130  76  84  80  96  83  90 171 169 170 170 171
 175 169 170 171 173 179 180 181 180 180 184 171 170 169 170 169
  14 136 145 143 144 145 145 145 144 146 146 145 145 147 150 147
  84 138 146 146 145 145 144 145 146 147 148 148 147 148 149 147
 153 144 143 146 147 145 144 146 146 146 148 148 145 150 148 145
 142 141 139 143 146 143 142 144 146 145 147 148 147 150 145 143
 145 144 150 156 155 161 151 134 153 145 145 147 148 151 144 153
 161  76  33  39  27  26  31  50 162 146 145 145 147 163  67  27
 161  62  39  40  42  40  41  53 168 144 143 142 143 168  79  31
 169  65  25  20  27  24  31  50 183 163 163 158 154 168  85  22
  45 141 155 153 159 154 151 134  45  50  39  41  49  42 122 164
  19 145 144 145 143 142 141 187   6  30  40  37  38  25 136 145
  20 142 147 145 149 153 151 192  12  33  37  24  26  13 123 147
  18 151 148 150 126  96  91 109  25  33  22 143 124 122 137 144
  21 149 148 158 112  17  31  30  33  33  35 164 144 146 145 144
  24 139 146 165 116  30  31  27  27  30  23 154 143 144 145 147
  70 135 146 153 111  64  74  72  83  72  78 146 143 145 145 147
 158 147 147 144 151 153 153 156 155 154 159 144 144 145 145 146

