 186 184 184 187 188 189 190 188 185 179 179 191 185 197 150  37
 188 187 188 190 191 192 189 187 184 186 178 175 179 179 127  39
 188 190 192 191 191 191 187 198  46  60  58  51  59  57  50  47
 184 187 186 185 188 188 183 205  70  61  63  66  70  65  52  54
 225 217 194 217 216 224 216 200  65  67  69  72  77  73  76  72
  71  64  70  64  66  70  62  70 203 223 226 216 196 213 228 231
  57  58  61  62  62  57  60  47 201 178 182 186 188 188 186 183
  53  48  48  46  43  45  50  37 212 183 188 189 191 190 189 189
 175 195 181 208 156  40  56  46 200 183 189 189 191 191 191 192
 179 179 187 193 175  38  66  48 215 183 188 187 185 187 188 190
 187 181 199 199 182  43  58  51 193 185 187 183 199 200 191 188
 193 173 154 153 144 134 150 145 194 185 192 151 135 123 134 196
 201 142  37  48  85 204 190 187 187 188 199 119  51  39 117 209
 192 158  55  64  75 203 190 189 186 188 202 124  49  46 112 205
 199 161  94 102 103 199 193 199 168 212 182 126 103 127 116 190
 191 195 218 209 222 191 194 203  87  43  25 157 208 213 170  28
 190 190 192 193 192 192 192 190 189 186 187 203 197 210 152  34
 191 190 191 192 193 191 192 195 184 178 180 180 181 178 124  35
 192 191 191 192 192 192 191 197  32  33  33  26  33  35  46  54
 190 190 190 190 189 188 190 209  65  46  54  54  55  53  52  55
 232 225 201 222 224 233 225 203  62  46  42  44  49  40  55  53
  46  36  45  36  39  45  40  62 210 231 235 223 204 221 233 236
  52  52  55  54  54  54  50  45 209 189 189 189 189 189 190 192
  27  17  19  20  36  48  50  38 219 190 190 191 192 191 191 192
 171 195 187 211 162  41  48  42 205 188 191 192 191 190 190 191
 189 189 199 206 184  31  51  39 217 191 192 192 191 190 190 191
 190 188 206 210 191  30  34  35 191 191 191 190 206 207 196 190
 195 176 153 151 146 128 147 141 199 192 198 152 129 116 137 202
 205 138  19  39  89 215 199 193 193 194 205 117  38  27 119 216
 198 156  40  50  76 213 195 194 192 195 212 123  35  31 108 215
 198 144  75  82  93 201 196 203 170 211 182 123  89 108 116 193
 194 199 225 214 223 193 194 201  72  16  12 164 223 225 177  14
 159 161 160 160 160 160 161 162 162 163 162 176 167 180 132  24
 158 159 161 160 160 161 160 163 164 163 155 158 165 170 114  28
 158 160 162 162 161 161 160 171  21  23  21  16  19  19  32  40
 159 160 162 161 159 161 160 183  51  37  38  40  40  38  38  43
 218 205 177 206 205 215 213 189  51  41  39  41  41  32  43  38
  41  29  36  26  26  31  30  49 196 219 223 210 186 208 223 224
  35  39  44  45  41  39  41  38 190 160 162 162 161 160 160 159
  19  13  15  17  23  31  44  37 205 160 159 159 159 159 160 161
 159 180 165 198 144  32  46  38 190 161 159 159 160 160 161 161
 162 163 172 175 151  21  47  34 202 158 158 159 159 159 160 161
 159 158 183 183 166  19  26  31 170 156 156 157 183 181 168 160
 166 157 139 133 126 118 140 137 179 160 170 136 121 109 116 174
 179 120  13  33  81 197 174 160 159 158 180 103  31  22 103 187
 164 132  29  45  64 187 163 163 163 165 187 108  30  31  99 191
 164 120  64  66  74 172 160 170 152 203 170 105  81 100 101 176
 163 177 207 191 207 165 163 178  59   9   8 150 203 203 159   9

  37  39  47  54  72 231 183 189 192 190 188 196 209 205 190  28
 150 127  50  52  76 228 186 189 191 188 191 134 117 112 116 170
 197 179  57  65  73 213 188 190 191 187 200 123  39  46 127 213
 185 179  59  70  77 196 188 191 191 185 199 135  51  49 103 208
 191 175  51  66  72 216 186 189 189 187 183 151 119 124 126 157
 179 178  58  63  69 226 182 188 189 188 187 192 199 202 182  25
 179 186  60  61  67 223 178 183 183 183 185 185 188 188 212  43
 185 184  46  70  65 203 201 212 200 215 193 194 187 186 168  87
 188 187 198 205 200  70  47  37  46  48  51 145 187 189 199 203
 190 189 187 183 216  62  60  50  56  66  58 150 190 190 193 194
 189 192 191 188 224  70  57  45  40  38  43 134 204 203 199 191
 188 191 191 188 216  66  62  43 156 175 182 144  85  75 103 222
 187 190 191 185 217  64  62  46 208 193 199 153  48  64 102 209
 184 188 192 186 194  70  61  48 181 187 199 154  37  55  94 218
 184 187 190 187 217  64  58  48 195 179 181 173 142 158 161 195
 186 188 188 184 225  71  57  53 175 179 187 193 201 192 199 191
  34  35  54  55  53 236 192 192 191 191 190 202 216 215 193  14
 152 124  46  52  55 233 190 191 190 190 196 137 119 108 116 177
 210 178  35  53  40 221 189 191 190 190 207 116  27  31 108 225
 197 181  33  55  49 204 189 192 191 191 206 129  38  35  89 223
 203 180  26  54  44 223 189 191 192 192 190 152 117 123 123 164
 187 180  33  54  42 235 189 190 191 192 191 198 205 212 182  12
 186 178  33  46  46 231 189 190 188 191 191 192 194 195 211  16
 189 184  32  65  62 210 209 219 205 217 191 199 193 192 170  72
 190 195 197 209 203  62  45  38  42  39  35 141 193 194 203 201
 192 192 191 190 225  40  50  50  48  51  34 147 199 195 196 194
 192 191 192 188 233  45  54  48  41  31  30 128 215 213 201 193
 192 193 192 189 224  39  54  36 162 184 191 146  89  76  93 223
 193 192 192 190 222  36  54  20 211 206 210 151  39  50  82 214
 192 191 191 190 201  45  55  19 187 199 206 153  19  40  75 225
 190 190 191 190 225  36  52  17 195 189 188 176 138 156 144 199
 190 191 192 190 232  46  52  27 171 189 190 195 205 198 198 194
  24  28  40  43  38 224 159 161 161 161 160 174 187 191 176   9
 132 114  32  38  43 223 160 160 161 160 168 116 103  99 101 159
 180 170  19  38  32 208 160 159 160 159 181 109  22  31 100 203
 167 165  19  40  41 186 161 159 160 159 183 121  31  30  81 203
 176 158  16  40  41 210 162 159 159 159 157 136 103 108 105 150
 162 155  21  38  39 223 162 159 159 158 156 170 180 187 170   8
 163 163  23  37  41 219 160 160 161 158 156 160 158 165 203   9
 162 164  21  51  51 196 190 205 190 202 170 179 159 163 152  59
 162 163 171 183 189  49  38  37  38  34  31 137 160 163 170 178
 161 160 160 160 213  30  41  44  46  47  26 140 174 163 160 163
 160 161 161 161 215  31  39  31  32  21  19 118 197 187 172 165
 160 160 161 159 205  26  41  23 144 151 166 126  81  64  74 207
 160 160 162 161 206  26  45  17 198 175 183 133  33  45  66 191
 160 161 162 162 177  36  44  15 165 172 183 139  13  29  64 207
 161 159 160 160 205  29  39  13 180 163 158 157 120 132 120 177
 159 158 158 159 218  41  35  19 159 162 159 166 179 164 164 163

  28 170 213 208 157  25  43  87 203 194 191 222 209 218 195 191
 190 116 127 103 126 182 212 168 199 193 199 103 102  94 161 199
 205 112  46  49 124 202 188 186 189 190 203  75  64  55 158 192
 209 117  39  51 119 199 188 187 187 190 204  85  48  37 142 201
 196 134 123 135 151 192 185 194 145 150 134 144 153 154 173 193
 188 191 200 199 183 187 185 193  51  58  43 182 199 199 181 187
 190 188 187 185 187 188 183 215  48  66  38 175 193 187 179 179
 192 191 191 191 189 189 183 200  46  56  40 156 208 181 195 175
 189 189 190 191 189 188 183 212  37  50  45  43  46  48  48  53
 183 186 188 188 186 182 178 201  47  60  57  62  62  61  58  57
 231 228 213 196 216 226 223 203  70  62  70  66  64  70  64  71
  72  76  73  77  72  69  67  65 200 216 224 216 217 194 217 225
  54  52  65  70  66  63  61  70 205 183 188 188 185 186 187 184
  47  50  57  59  51  58  60  46 198 187 191 191 191 192 190 188
  39 127 179 179 175 178 186 184 187 189 192 191 190 188 187 188
  37 150 197 185 191 179 179 185 188 190 189 188 187 184 184 186
  14 177 225 223 164  12  16  72 201 194 193 223 214 225 199 194
 193 116 108  89 123 182 211 170 203 196 201  93  82  75 144 198
 215 108  31  35 123 212 195 192 194 195 213  76  50  40 156 198
 216 119  27  38 117 205 194 193 193 199 215  89  39  19 138 205
 202 137 116 129 152 198 192 199 141 147 128 146 151 153 176 195
 190 196 207 206 190 191 191 191  35  34  30 191 210 206 188 190
 191 190 190 191 192 192 191 217  39  51  31 184 206 199 189 189
 191 190 190 191 192 191 188 205  42  48  41 162 211 187 195 171
 192 191 191 192 191 190 190 219  38  50  48  36  20  19  17  27
 192 190 189 189 189 189 189 209  45  50  54  54  54  55  52  52
 236 233 221 204 223 235 231 210  62  40  45  39  36  45  36  46
  53  55  40  49  44  42  46  62 203 225 233 224 222 201 225 232
  55  52  53  55  54  54  46  65 209 190 188 189 190 190 190 190
  54  46  35  33  26  33  33  32 197 191 192 192 192 191 191 192
  35 124 178 181 180 180 178 184 195 192 191 193 192 191 190 191
  34 152 210 197 203 187 186 189 190 192 192 192 193 192 190 190
   9 159 203 203 150   8   9  59 178 163 165 207 191 207 177 163
 176 101 100  81 105 170 203 152 170 160 172  74  66  64 120 164
 191  99  31  30 108 187 165 163 163 163 187  64  45  29 132 164
 187 103  22  31 103 180 158 159 160 174 197  81  33  13 120 179
 174 116 109 121 136 170 160 179 137 140 118 126 133 139 157 166
 160 168 181 183 157 156 156 170  31  26  19 166 183 183 158 159
 161 160 159 159 159 158 158 202  34  47  21 151 175 172 163 162
 161 161 160 160 159 159 161 190  38  46  32 144 198 165 180 159
 161 160 159 159 159 159 160 205  37  44  31  23  17  15  13  19
 159 160 160 161 162 162 160 190  38  41  39  41  45  44  39  35
 224 223 208 186 210 223 219 196  49  30  31  26  26  36  29  41
  38  43  32  41  41  39  41  51 189 213 215 205 206 177 205 218
  43  38  38  40  40  38  37  51 183 160 161 159 161 162 160 159
  40  32  19  19  16  21  23  21 171 160 161 161 162 162 160 158
  28 114 170 165 158 155 163 164 163 160 161 160 160 161 159 158
  24 132 180 167 176 162 163 162 162 161 160 160 160 160 161 159

 191 199 192 201 193 187 179 175  53  57  71 225 184 188 188 186
 195 161 158 142 173 181 179 195  48  58  64 217 187 190 187 184
 218  94  55  37 154 199 187 181  48  61  70 194 186 192 188 184
 209 102  64  48 153 199 193 208  46  62  64 217 185 191 190 187
 222 103  75  85 144 182 175 156  43  62  66 216 188 191 191 188
 191 199 203 204 134  43  38  40  45  57  70 224 188 191 192 189
 194 193 190 190 150  58  66  56  50  60  62 216 183 187 189 190
 203 199 189 187 145  51  48  46  37  47  70 200 205 198 187 188
  87 168 186 187 194 193 215 200 212 201 203  65  70  46 184 185
  43 212 188 188 185 185 183 183 183 178 223  67  61  60 186 179
  25 182 202 199 192 187 188 189 188 182 226  69  63  58 178 179
 157 126 124 119 151 183 187 189 189 186 216  72  66  51 175 191
 208 103  49  51 135 199 185 191 191 188 196  77  70  59 179 185
 213 127  46  39 123 200 187 191 190 188 213  73  65  57 179 197
 170 116 112 117 134 191 188 191 189 186 228  76  52  50 127 150
  28 190 205 209 196 188 190 192 189 183 231  72  54  47  39  37
 194 198 198 205 195 190 189 171  27  52  46 232 190 192 191 190
 199 144 156 138 176 188 189 195  17  52  36 225 190 191 190 190
 225  75  40  19 153 206 199 187  19  55  45 201 190 191 191 192
 214  82  50  39 151 210 206 211  20  54  36 222 190 192 192 193
 223  93  76  89 146 191 184 162  36  54  39 224 189 192 193 192
 193 201 213 215 128  30  31  41  48  54  45 233 188 192 191 192
 194 196 195 199 147  34  51  48  50  50  40 225 190 191 192 192
 201 203 194 193 141  35  39  42  38  45  62 203 209 197 195 190
  72 170 192 193 199 191 217 205 219 209 210  62  65  32 184 189
  16 211 195 194 192 191 191 188 190 189 231  46  46  33 178 186
  12 182 212 205 198 191 192 191 190 189 235  42  54  33 180 187
 164 123 123 117 152 190 192 192 191 189 223  44  54  26 180 203
 223  89  35  38 129 206 191 191 192 189 204  49  55  33 181 197
 225 108  31  27 116 207 190 190 191 189 221  40  53  35 178 210
 177 116 108 119 137 196 190 190 191 190 233  55  52  46 124 152
  14 193 215 216 202 190 191 191 192 192 236  53  55  54  35  34
 163 164 164 179 166 159 162 159  19  35  41 218 159 158 158 159
 177 120 132 120 157 158 163 180  13  39  29 205 160 160 159 161
 207  64  29  13 139 183 172 165  15  44  36 177 162 162 161 160
 191  66  45  33 133 183 175 198  17  45  26 206 161 162 160 160
 207  74  64  81 126 166 151 144  23  41  26 205 159 161 160 160
 165 172 187 197 118  19  21  32  31  39  31 215 161 161 161 160
 163 160 163 174 140  26  47  46  44  41  30 213 160 160 160 161
 178 170 163 160 137  31  34  38  37  38  49 189 183 171 163 162
  59 152 163 159 179 170 202 190 205 190 196  51  51  21 164 162
   9 203 165 158 160 156 158 161 160 160 219  41  37  23 163 163
   8 170 187 180 170 156 158 159 159 162 223  39  38  21 155 162
 150 105 108 103 136 157 159 159 159 162 210  41  40  16 158 176
 203  81  30  31 121 183 159 160 159 161 186  41  40  19 165 167
 203 100  31  22 109 181 159 160 159 160 208  32  38  19 170 180
 159 101  99 103 116 168 160 161 160 160 223  43  38  32 114 132
   9 176 191 187 174 160 161 161 161 159 224  38  43  40  28  24

