  22  23  24  21  20 145 138 146 149 149 160 121  20  36  34  31
  23  22  23  22  29 159 160 153 145 150 157 133  67  69  65  19
  21  17  18  24  28  27  19   9 153 148 147 148 157 163 150   3
  19  19  20  24  27  30  32  11 153 139 143 148 149 150 131   5
  22  23  23  24  25  24  25  25 158 157 152 148 147 156 135  11
  24  25  26  26  27  27  30  21  63  59  29  98 146 153 148  20
  19  22  25  29  29  26  29  31  41  43  22 114 151 157 142  21
  21  22  20  21  27  19  24  20  19  23  12 105 154 159 131  16
  19  65 129 142 163  16  28  25 121 123 119 149 150 160 127  15
  13  71 147 133 148   9  33  21 146 147 154 150 150 152 128  15
  12  48 147 136 157   6  39  14 145 146 147 149 151 154 147  23
  16  47 113 100 104 106  99  87 135 134 123 136 152 156 147  84
  24  22  15  12  39 165 153 190  58  27  10 122 162 152 155 158
  22  27  35  28  48 162 145 179  68  38  23 136 159 151 151 150
  21  39  69  56  64 151 147 158  64  40  32 130 154 153 152 151
  22  93 170 159 156 148 148 146 150 163 154 145 149 153 152 150
  25  24  24  21  25 157 145 145 145 146 154 110  12  22  23  23
  24  23  23  21  27 155 165 155 144 148 151 120  50  53  55  12
  22  22  22  21  18  10   2   1 144 146 146 151 165 178 160   5
  21  21  21  23  25  26  27  11 156 145 145 144 144 151 136   5
  23  22  23  24  25  26  26  30 171 175 165 151 144 153 135   9
  22  23  25  25  25  24  25  15  53  52  26  93 148 154 149  19
  21  23  25  25  25  23  23  23  27  27  15 112 153 154 138  18
  20  16   9   6  17  19  26  18  14  14   7  99 152 155 128  14
  18  73 142 161 170  15  25  32 133 125 117 149 146 155 124  12
  11  79 160 145 159  11  28  26 156 152 150 145 145 146 119  11
  12  54 159 146 162   2  19  12 153 155 150 146 145 145 131   3
  18  54 126 106 103 102  92  81 135 139 126 131 145 146 133  68
  22  19  12   8  37 167 165 187  45  13   6 111 153 145 154 165
  20  20  21  17  46 163 146 171  48  15  16 126 151 144 145 144
  20  31  59  48  56 145 145 151  52  24  19 124 146 144 144 143
  18  96 186 175 166 150 145 144 155 175 166 148 144 144 143 143
  24  24  24  21  21 139 122 121 122 122 131  93   9  17  19  22
  24  23  23  21  27 156 157 142 126 123 126 101  40  42  49  11
  22  22  22  21  18   9   2   1 132 125 123 131 147 160 148   4
  21  20  21  23  24  25  26   7 144 125 124 124 123 126 114   3
  21  19  19  22  24  22  22  24 153 149 139 129 122 125 112   5
  21  21  20  21  22  21  22  14  51  48  24  84 126 126 124  13
  18  20  20  21  23  21  22  22  26  26  14 102 131 128 116  12
  18  14   7   5  14  15  18  12  12  14   7  85 130 131 110   9
  16  58 111 116 141  10  22  22 110 102  94 124 121 131 106   8
  10  71 141 121 137   7  27  22 141 131 129 123 122 123 102   6
  12  50 142 122 137   0  16  10 136 134 128 122 122 123 116   2
  19  47 105  83  85  91  84  75 122 121 107 112 121 121 107  50
  22  18  12   9  32 150 136 164  39  10   4 103 135 121 127 136
  20  20  22  18  41 146 119 147  38  14  14 118 134 123 124 123
  20  29  53  39  49 128 121 128  40  18  16 111 127 124 123 122
  17  93 163 148 142 127 123 122 130 149 142 127 121 122 121 122

  31  19   3   5  11  20  21  16  15  15  23  84 158 150 151 150
  34  65 150 131 135 148 142 131 127 128 147 147 155 151 152 152
  36  69 163 150 156 153 157 159 160 152 154 156 152 151 153 153
  20  67 157 149 147 146 151 154 150 150 151 152 162 159 154 149
 121 133 148 148 148  98 114 105 149 150 149 136 122 136 130 145
 160 157 147 143 152  29  22  12 119 154 147 123  10  23  32 154
 149 150 148 139 157  59  43  23 123 147 146 134  27  38  40 163
 149 145 153 153 158  63  41  19 121 146 145 135  58  68  64 150
 146 153   9  11  25  21  31  20  25  21  14  87 190 179 158 146
 138 160  19  32  25  30  29  24  28  33  39  99 153 145 147 148
 145 159  27  30  24  27  26  19  16   9   6 106 165 162 151 148
  20  29  28  27  25  27  29  27 163 148 157 104  39  48  64 156
  21  22  24  24  24  26  29  21 142 133 136 100  12  28  56 159
  24  23  18  20  23  26  25  20 129 147 147 113  15  35  69 170
  23  22  17  19  23  25  22  22  65  71  48  47  22  27  39  93
  22  23  21  19  22  24  19  21  19  13  12  16  24  22  21  22
  23  12   5   5   9  19  18  14  12  11   3  68 165 144 143 143
  23  55 160 136 135 149 138 128 124 119 131 133 154 145 144 143
  22  53 178 151 153 154 154 155 155 146 145 146 145 144 144 144
  12  50 165 144 144 148 153 152 146 145 145 145 153 151 146 144
 110 120 151 144 151  93 112  99 149 145 146 131 111 126 124 148
 154 151 146 145 165  26  15   7 117 150 150 126   6  16  19 166
 146 148 146 145 175  52  27  14 125 152 155 139  13  15  24 175
 145 144 144 156 171  53  27  14 133 156 153 135  45  48  52 155
 145 155   1  11  30  15  23  18  32  26  12  81 187 171 151 144
 145 165   2  27  26  25  23  26  25  28  19  92 165 146 145 145
 157 155  10  26  26  24  23  19  15  11   2 102 167 163 145 150
  25  27  18  25  25  25  25  17 170 159 162 103  37  46  56 166
  21  21  21  23  24  25  25   6 161 145 146 106   8  17  48 175
  24  23  22  21  23  25  25   9 142 160 159 126  12  21  59 186
  24  23  22  21  22  23  23  16  73  79  54  54  19  20  31  96
  25  24  22  21  23  22  21  20  18  11  12  18  22  20  20  18
  22  11   4   3   5  13  12   9   8   6   2  50 136 123 122 122
  19  49 148 114 112 124 116 110 106 102 116 107 127 124 123 121
  17  42 160 126 125 126 128 131 131 123 123 121 121 123 124 122
   9  40 147 123 122 126 131 130 121 122 122 121 135 134 127 121
  93 101 131 124 129  84 102  85 124 123 122 112 103 118 111 127
 131 126 123 124 139  24  14   7  94 129 128 107   4  14  16 142
 122 123 125 125 149  48  26  14 102 131 134 121  10  14  18 149
 122 126 132 144 153  51  26  12 110 141 136 122  39  38  40 130
 121 142   1   7  24  14  22  12  22  22  10  75 164 147 128 122
 122 157   2  26  22  22  22  18  22  27  16  84 136 119 121 123
 139 156   9  25  22  21  21  15  10   7   0  91 150 146 128 127
  21  27  18  24  24  22  23  14 141 137 137  85  32  41  49 142
  21  21  21  23  22  21  21   5 116 121 122  83   9  18  39 148
  24  23  22  21  19  20  20   7 111 141 142 105  12  22  53 163
  24  23  22  20  19  21  20  14  58  71  50  47  18  20  29  93
  24  24  22  21  21  21  18  18  16  10  12  19  22  20  20  17

 150 152 153 149 145 154 163 150 146 148 148 156 159 170  93  22
 151 152 153 154 130  32  40  64 158 147 151  64  56  69  39  21
 150 151 151 159 136  23  38  68 179 145 162  48  28  35  27  22
 158 155 152 162 122  10  27  58 190 153 165  39  12  15  22  24
  84 147 156 152 136 123 134 135  87  99 106 104 100 113  47  16
  23 147 154 151 149 147 146 145  14  39   6 157 136 147  48  12
  15 128 152 150 150 154 147 146  21  33   9 148 133 147  71  13
  15 127 160 150 149 119 123 121  25  28  16 163 142 129  65  19
  16 131 159 154 105  12  23  19  20  24  19  27  21  20  22  21
  21 142 157 151 114  22  43  41  31  29  26  29  29  25  22  19
  20 148 153 146  98  29  59  63  21  30  27  27  26  26  25  24
  11 135 156 147 148 152 157 158  25  25  24  25  24  23  23  22
   5 131 150 149 148 143 139 153  11  32  30  27  24  20  19  19
   3 150 163 157 148 147 148 153   9  19  27  28  24  18  17  21
  19  65  69  67 133 157 150 145 153 160 159  29  22  23  22  23
  31  34  36  20 121 160 149 149 146 138 145  20  21  24  23  22
 143 143 144 144 148 166 175 155 144 145 150 166 175 186  96  18
 143 144 144 146 124  19  24  52 151 145 145  56  48  59  31  20
 144 145 144 151 126  16  15  48 171 146 163  46  17  21  20  20
 165 154 145 153 111   6  13  45 187 165 167  37   8  12  19  22
  68 133 146 145 131 126 139 135  81  92 102 103 106 126  54  18
   3 131 145 145 146 150 155 153  12  19   2 162 146 159  54  12
  11 119 146 145 145 150 152 156  26  28  11 159 145 160  79  11
  12 124 155 146 149 117 125 133  32  25  15 170 161 142  73  18
  14 128 155 152  99   7  14  14  18  26  19  17   6   9  16  20
  18 138 154 153 112  15  27  27  23  23  23  25  25  25  23  21
  19 149 154 148  93  26  52  53  15  25  24  25  25  25  23  22
   9 135 153 144 151 165 175 171  30  26  26  25  24  23  22  23
   5 136 151 144 144 145 145 156  11  27  26  25  23  21  21  21
   5 160 178 165 151 146 146 144   1   2  10  18  21  22  22  22
  12  55  53  50 120 151 148 144 155 165 155  27  21  23  23  24
  23  23  22  12 110 154 146 145 145 145 157  25  21  24  24  25
 122 121 122 121 127 142 149 130 122 123 127 142 148 163  93  17
 122 123 124 127 111  16  18  40 128 121 128  49  39  53  29  20
 123 124 123 134 118  14  14  38 147 119 146  41  18  22  20  20
 136 127 121 135 103   4  10  39 164 136 150  32   9  12  18  22
  50 107 121 121 112 107 121 122  75  84  91  85  83 105  47  19
   2 116 123 122 122 128 134 136  10  16   0 137 122 142  50  12
   6 102 123 122 123 129 131 141  22  27   7 137 121 141  71  10
   8 106 131 121 124  94 102 110  22  22  10 141 116 111  58  16
   9 110 131 130  85   7  14  12  12  18  15  14   5   7  14  18
  12 116 128 131 102  14  26  26  22  22  21  23  21  20  20  18
  13 124 126 126  84  24  48  51  14  22  21  22  21  20  21  21
   5 112 125 122 129 139 149 153  24  22  22  24  22  19  19  21
   3 114 126 123 124 124 125 144   7  26  25  24  23  21  20  21
   4 148 160 147 131 123 125 132   1   2   9  18  21  22  22  22
  11  49  42  40 101 126 123 126 142 157 156  27  21  23  23  24
  22  19  17   9  93 131 122 122 121 122 139  21  21  24  24  24

  22  21  22  24  16  12  13  19  21  19  24  22  19  21  23  22
  93  39  27  22  47  48  71  65  22  22  25  23  19  17  22  23
 170  69  35  15 113 147 147 129  20  25  26  23  20  18  23  24
 159  56  28  12 100 136 133 142  21  29  26  24  24  24  22  21
 156  64  48  39 104 157 148 163  27  29  27  25  27  28  29  20
 148 151 162 165 106   6   9  16  19  26  27  24  30  27 159 145
 148 147 145 153  99  39  33  28  24  29  30  25  32  19 160 138
 146 158 179 190  87  14  21  25  20  31  21  25  11   9 153 146
 150  64  68  58 135 145 146 121  19  41  63 158 153 153 145 149
 163  40  38  27 134 146 147 123  23  43  59 157 139 148 150 149
 154  32  23  10 123 147 154 119  12  22  29 152 143 147 157 160
 145 130 136 122 136 149 150 149 105 114  98 148 148 148 133 121
 149 154 159 162 152 151 150 150 154 151 146 147 149 157  67  20
 153 153 151 152 156 154 152 160 159 157 153 156 150 163  69  36
 152 152 151 155 147 147 128 127 131 142 148 135 131 150  65  34
 150 151 150 158  84  23  15  15  16  21  20  11   5   3  19  31
  18  20  20  22  18  12  11  18  20  21  22  23  21  22  24  25
  96  31  20  19  54  54  79  73  16  23  23  22  21  22  23  24
 186  59  21  12 126 159 160 142   9  25  25  23  21  22  23  24
 175  48  17   8 106 146 145 161   6  25  25  24  23  21  21  21
 166  56  46  37 103 162 159 170  17  25  25  25  25  18  27  25
 150 145 163 167 102   2  11  15  19  23  24  26  26  10 155 157
 145 145 146 165  92  19  28  25  26  23  25  26  27   2 165 145
 144 151 171 187  81  12  26  32  18  23  15  30  11   1 155 145
 155  52  48  45 135 153 156 133  14  27  53 171 156 144 144 145
 175  24  15  13 139 155 152 125  14  27  52 175 145 146 148 146
 166  19  16   6 126 150 150 117   7  15  26 165 145 146 151 154
 148 124 126 111 131 146 145 149  99 112  93 151 144 151 120 110
 144 146 151 153 145 145 145 146 152 153 148 144 144 165  50  12
 144 144 144 145 146 145 146 155 155 154 154 153 151 178  53  22
 143 144 145 154 133 131 119 124 128 138 149 135 136 160  55  23
 143 143 144 165  68   3  11  12  14  18  19   9   5   5  12  23
  17  20  20  22  19  12  10  16  18  18  21  21  21  22  24  24
  93  29  20  18  47  50  71  58  14  20  21  19  20  22  23  24
 163  53  22  12 105 142 141 111   7  20  20  19  21  22  23  24
 148  39  18   9  83 122 121 116   5  21  21  22  23  21  21  21
 142  49  41  32  85 137 137 141  14  23  22  24  24  18  27  21
 127 128 146 150  91   0   7  10  15  21  21  22  25   9 156 139
 123 121 119 136  84  16  27  22  18  22  22  22  26   2 157 122
 122 128 147 164  75  10  22  22  12  22  14  24   7   1 142 121
 130  40  38  39 122 136 141 110  12  26  51 153 144 132 126 122
 149  18  14  10 121 134 131 102  14  26  48 149 125 125 123 122
 142  16  14   4 107 128 129  94   7  14  24 139 124 123 126 131
 127 111 118 103 112 122 123 124  85 102  84 129 124 131 101  93
 121 127 134 135 121 122 122 121 130 131 126 122 123 147  40   9
 122 124 123 121 121 123 123 131 131 128 126 125 126 160  42  17
 121 123 124 127 107 116 102 106 110 116 124 112 114 148  49  19
 122 122 123 136  50   2   6   8   9  12  13   5   3   4  11  22

