 158 159 158 156 156 156 156 155 156 156 157 158 160 160 151  13
 159 160 159 158 155 165 167 168 144 147 145 149 159 160 154  15
 158 161 160 157 173  46  35  29  28  32  22 107 161 156 160  16
 157 158 159 155 169  48  28  29  33  36  27 114 159 153 158  19
 169 164 162 155 174  53  28  31  32  31  25 112 180 170 174  21
  45  55 168 160 177  52  27  13 137 167 175 108  41  43  34  27
  39  43 168 156 172  51  24   8 127 154 154 117  31  41  30  28
  20  37 175 161 176  39  26  10 125 163 159 122  17  21  18  17
 116  92 112 115 128  43  31  18  94 107 102 104 132 131 131 134
 161 151  31  35  28  29  28  29  30  34  16  94 164 159 159 158
 156 161  22  35  28  25  25  25  27  26  13 105 163 159 159 161
 156 160  20  29  26  27  28  25  23  24  13 105 168 159 157 133
 157 162  20  31  29  28  26  26  25  25  14 100 170 155 158  18
 156 163  24  37  37  35  32  29  32  35  20 100 170 155 164  26
 160 166  51  55  59  31  30  24  55  56  56 108 160 155 159  70
 163 162 159 165 184  56  31  15 139 165 165 156 157 162 162 162
 162 164 163 162 161 160 162 162 161 162 161 161 164 168 162  16
 163 165 164 162 160 176 184 188 153 152 149 156 163 166 164  19
 164 164 164 165 176  31  16  16  17  17  11 109 169 166 172  18
 163 163 164 166 182  51  28  32  35  37  28 123 169 164 169  20
 189 179 170 166 182  49  25  30  19  13   7 114 197 195 186  23
  29  53 170 164 181  49  24  20 161 191 190 109  27  29  31  30
  34  45 176 163 178  49  23   9 140 165 168 123  21  33  32  32
  16  38 186 177 187  38  26  11 146 187 184 130  11  15  16  15
 120  94 116 121 130  41  32  19 104 117 108 108 140 142 140 143
 176 157  19  23  23  30  32  32  25  25  12 100 179 172 171 171
 162 164  18  31  31  30  28  29  30  31  15 109 170 161 160 163
 162 167  20  32  32  31  31  32  31  31  15 108 173 161 158 138
 163 170  21  32  32  30  29  30  30  32  16 104 178 164 162  15
 165 168  20  30  31  29  29  30  33  36  18 102 180 166 168  20
 164 165  47  51  57  28  31  27  60  58  55 108 171 166 159  63
 163 165 171 180 196  59  31  19 154 185 182 169 165 165 170 175
 139 141 140 139 138 137 140 139 139 140 139 138 140 142 139  13
 140 142 141 138 132 145 151 153 124 124 120 129 138 142 142  17
 141 141 141 137 150  24  14  13  13  13   9  95 145 139 149  16
 140 141 141 137 151  40  25  28  27  29  24 107 146 137 146  18
 163 156 147 137 154  42  24  28  17  11   6  99 171 163 168  21
  26  46 149 136 156  42  24  19 144 161 164  95  22  23  26  27
  34  44 153 134 152  41  22   8 124 141 140 104  18  30  30  29
  17  37 164 149 164  34  26  10 129 161 154 111   8  14  14  14
 102  76  96  96 110  33  28  15  88  93  87  88 116 117 116 119
 148 132  16  22  20  24  25  24  21  21  11  90 157 147 146 146
 134 138  16  29  28  28  27  26  28  28  15 101 146 138 138 139
 135 140  17  28  25  27  29  28  28  29  15 101 150 135 131 113
 134 143  18  27  26  26  26  26  27  28  15  95 152 132 136   8
 134 142  18  29  28  27  27  26  28  30  17  91 152 133 142  10
 136 140  39  43  49  26  31  27  55  50  46  92 143 136 138  53
 137 139 143 151 172  51  31  18 142 158 152 143 139 140 143 147

  13  15  16  19  21  27  28  17 134 158 161 133  18  26  70 162
 151 154 160 158 174  34  30  18 131 159 159 157 158 164 159 162
 160 160 156 153 170  43  41  21 131 159 159 159 155 155 155 162
 160 159 161 159 180  41  31  17 132 164 163 168 170 170 160 157
 158 149 107 114 112 108 117 122 104  94 105 105 100 100 108 156
 157 145  22  27  25 175 154 159 102  16  13  13  14  20  56 165
 156 147  32  36  31 167 154 163 107  34  26  24  25  35  56 165
 156 144  28  33  32 137 127 125  94  30  27  23  25  32  55 139
 155 168  29  29  31  13   8  10  18  29  25  25  26  29  24  15
 156 167  35  28  28  27  24  26  31  28  25  28  26  32  30  31
 156 165  46  48  53  52  51  39  43  29  25  27  28  35  31  56
 156 155 173 169 174 177 172 176 128  28  28  26  29  37  59 184
 156 158 157 155 155 160 156 161 115  35  35  29  31  37  55 165
 158 159 160 159 162 168 168 175 112  31  22  20  20  24  51 159
 159 160 161 158 164  55  43  37  92 151 161 160 162 163 166 162
 158 159 158 157 169  45  39  20 116 161 156 156 157 156 160 163
  16  19  18  20  23  30  32  15 143 171 163 138  15  20  63 175
 162 164 172 169 186  31  32  16 140 171 160 158 162 168 159 170
 168 166 166 164 195  29  33  15 142 172 161 161 164 166 166 165
 164 163 169 169 197  27  21  11 140 179 170 173 178 180 171 165
 161 156 109 123 114 109 123 130 108 100 109 108 104 102 108 169
 161 149  11  28   7 190 168 184 108  12  15  15  16  18  55 182
 162 152  17  37  13 191 165 187 117  25  31  31  32  36  58 185
 161 153  17  35  19 161 140 146 104  25  30  31  30  33  60 154
 162 188  16  32  30  20   9  11  19  32  29  32  30  30  27  19
 162 184  16  28  25  24  23  26  32  32  28  31  29  29  31  31
 160 176  31  51  49  49  49  38  41  30  30  31  30  29  28  59
 161 160 176 182 182 181 178 187 130  23  31  32  32  31  57 196
 162 162 165 166 166 164 163 177 121  23  31  32  32  30  51 180
 163 164 164 164 170 170 176 186 116  19  18  20  21  20  47 171
 164 165 164 163 179  53  45  38  94 157 164 167 170 168 165 165
 162 163 164 163 189  29  34  16 120 176 162 162 163 165 164 163
  13  17  16  18  21  27  29  14 119 146 139 113   8  10  53 147
 139 142 149 146 168  26  30  14 116 146 138 131 136 142 138 143
 142 142 139 137 163  23  30  14 117 147 138 135 132 133 136 140
 140 138 145 146 171  22  18   8 116 157 146 150 152 152 143 139
 138 129  95 107  99  95 104 111  88  90 101 101  95  91  92 143
 139 120   9  24   6 164 140 154  87  11  15  15  15  17  46 152
 140 124  13  29  11 161 141 161  93  21  28  29  28  30  50 158
 139 124  13  27  17 144 124 129  88  21  28  28  27  28  55 142
 139 153  13  28  28  19   8  10  15  24  26  28  26  26  27  18
 140 151  14  25  24  24  22  26  28  25  27  29  26  27  31  31
 137 145  24  40  42  42  41  34  33  24  28  27  26  27  26  51
 138 132 150 151 154 156 152 164 110  20  28  25  26  28  49 172
 139 138 137 137 137 136 134 149  96  22  29  28  27  29  43 151
 140 141 141 141 147 149 153 164  96  16  16  17  18  18  39 143
 141 142 141 141 156  46  44  37  76 132 138 140 143 142 140 139
 139 140 141 140 163  26  34  17 102 148 134 135 134 134 136 137

 162 162 162 157 156 165 165 139  15  31  56 184 165 159 162 163
  70 159 155 160 108  56  56  55  24  30  31  59  55  51 166 160
  26 164 155 170 100  20  35  32  29  32  35  37  37  24 163 156
  18 158 155 170 100  14  25  25  26  26  28  29  31  20 162 157
 133 157 159 168 105  13  24  23  25  28  27  26  29  20 160 156
 161 159 159 163 105  13  26  27  25  25  25  28  35  22 161 156
 158 159 159 164  94  16  34  30  29  28  29  28  35  31 151 161
 134 131 131 132 104 102 107  94  18  31  43 128 115 112  92 116
  17  18  21  17 122 159 163 125  11  26  39 176 161 175  37  20
  28  30  41  31 117 154 154 127   8  24  51 172 156 168  43  39
  27  34  43  41 108 175 167 137  13  27  52 177 160 168  55  45
  21 166 170 180 112  25  31  32  31  28  53 174 155 162 164 169
  19 159 153 159 114  27  36  33  29  28  48 169 155 159 158 157
  16 160 156 161 107  22  32  28  29  35  46 173 157 160 161 158
  15 154 160 159 149 145 147 144 168 167 165 155 158 159 160 159
  13 151 160 160 158 157 156 156 155 156 156 156 156 158 159 158
 175 170 165 165 169 182 185 154  19  31  59 196 180 171 165 163
  63 159 166 171 108  55  58  60  27  31  28  57  51  47 165 164
  20 168 166 180 102  18  36  33  30  29  29  31  30  20 168 165
  15 162 164 178 104  16  32  30  30  29  30  32  32  21 170 163
 138 158 161 173 108  15  31  31  32  31  31  32  32  20 167 162
 163 160 161 170 109  15  31  30  29  28  30  31  31  18 164 162
 171 171 172 179 100  12  25  25  32  32  30  23  23  19 157 176
 143 140 142 140 108 108 117 104  19  32  41 130 121 116  94 120
  15  16  15  11 130 184 187 146  13  26  38 187 177 186  38  16
  32  32  33  21 123 168 165 140   9  23  49 178 163 176  45  34
  30  31  29  27 109 190 191 161  20  24  49 181 164 170  53  29
  23 177 195 197 114   7  13  19  30  25  49 182 166 170 179 189
  20 170 164 169 123  28  37  35  32  28  51 182 166 164 163 163
  18 172 166 169 109  11  17  17  16  16  31 176 165 164 164 164
  19 164 166 163 155 149 152 153 188 184 176 160 162 164 165 163
  16 162 168 164 161 161 162 161 162 162 160 161 162 163 164 162
 147 143 140 139 143 152 158 142  18  31  51 172 151 143 139 137
  53 138 136 143  92  46  50  55  27  31  26  49  43  39 140 136
  10 142 133 152  91  17  30  28  26  27  27  28  29  18 142 134
   8 136 132 152  95  15  28  27  26  26  26  26  27  18 143 134
 113 131 135 150 101  15  29  28  28  29  27  25  28  17 140 135
 139 138 138 146 101  15  28  28  26  27  28  28  29  16 138 134
 146 146 147 157  90  11  21  21  24  25  24  20  22  16 132 148
 119 116 117 116  88  87  93  88  15  28  33 110  96  96  76 102
  14  14  14   8 111 154 161 129  12  26  34 164 149 164  37  17
  29  30  30  18 104 140 141 124   8  22  41 152 134 153  44  34
  27  26  23  22  95 164 161 144  19  24  42 156 136 149  46  26
  21 161 163 171  99   6  11  17  28  24  42 154 137 147 156 163
  18 148 137 146 107  24  29  27  28  25  40 151 137 141 141 140
  16 149 139 145  95   9  13  13  13  14  24 150 137 141 141 141
  17 142 142 138 129 120 124 124 153 151 145 132 138 141 142 140
  13 139 142 140 138 139 140 139 139 140 137 138 139 140 141 139

 163 160 156 157 156 156 161 116  20  39  45 169 157 158 159 158
 162 166 163 162 160 161 151  92  37  43  55 164 158 161 160 159
 159  51  24  20  20  22  31 112 175 168 168 162 159 160 159 158
 165  55  37  31  29  35  35 115 161 156 160 155 155 157 158 156
 184  59  37  29  26  28  28 128 176 172 177 174 169 173 155 156
  56  31  35  28  27  25  29  43  39  51  52  53  48  46 165 156
  31  30  32  26  28  25  28  31  26  24  27  28  28  35 167 156
  15  24  29  26  25  25  29  18  10   8  13  31  29  29 168 155
 139  55  32  25  23  27  30  94 125 127 137  32  33  28 144 156
 165  56  35  25  24  26  34 107 163 154 167  31  36  32 147 156
 165  56  20  14  13  13  16 102 159 154 175  25  27  22 145 157
 156 108 100 100 105 105  94 104 122 117 108 112 114 107 149 158
 157 160 170 170 168 163 164 132  17  31  41 180 159 161 159 160
 162 155 155 155 159 159 159 131  21  41  43 170 153 156 160 160
 162 159 164 158 157 159 159 131  18  30  34 174 158 160 154 151
 162  70  26  18 133 161 158 134  17  28  27  21  19  16  15  13
 163 164 165 163 162 162 176 120  16  34  29 189 163 164 163 162
 165 165 168 170 167 164 157  94  38  45  53 179 163 164 165 164
 171  47  20  21  20  18  19 116 186 176 170 170 164 164 164 163
 180  51  30  32  32  31  23 121 177 163 164 166 166 165 162 162
 196  57  31  32  32  31  23 130 187 178 181 182 182 176 160 161
  59  28  29  30  31  30  30  41  38  49  49  49  51  31 176 160
  31  31  29  29  31  28  32  32  26  23  24  25  28  16 184 162
  19  27  30  30  32  29  32  19  11   9  20  30  32  16 188 162
 154  60  33  30  31  30  25 104 146 140 161  19  35  17 153 161
 185  58  36  32  31  31  25 117 187 165 191  13  37  17 152 162
 182  55  18  16  15  15  12 108 184 168 190   7  28  11 149 161
 169 108 102 104 108 109 100 108 130 123 109 114 123 109 156 161
 165 171 180 178 173 170 179 140  11  21  27 197 169 169 163 164
 165 166 166 164 161 161 172 142  15  33  29 195 164 166 166 168
 170 159 168 162 158 160 171 140  16  32  31 186 169 172 164 162
 175  63  20  15 138 163 171 143  15  32  30  23  20  18  19  16
 137 136 134 134 135 134 148 102  17  34  26 163 140 141 140 139
 139 140 142 143 140 138 132  76  37  44  46 156 141 141 142 141
 143  39  18  18  17  16  16  96 164 153 149 147 141 141 141 140
 151  43  29  27  28  29  22  96 149 134 136 137 137 137 138 139
 172  49  28  26  25  28  20 110 164 152 156 154 151 150 132 138
  51  26  27  26  27  28  24  33  34  41  42  42  40  24 145 137
  31  31  27  26  29  27  25  28  26  22  24  24  25  14 151 140
  18  27  26  26  28  26  24  15  10   8  19  28  28  13 153 139
 142  55  28  27  28  28  21  88 129 124 144  17  27  13 124 139
 158  50  30  28  29  28  21  93 161 141 161  11  29  13 124 140
 152  46  17  15  15  15  11  87 154 140 164   6  24   9 120 139
 143  92  91  95 101 101  90  88 111 104  95  99 107  95 129 138
 139 143 152 152 150 146 157 116   8  18  22 171 146 145 138 140
 140 136 133 132 135 138 147 117  14  30  23 163 137 139 142 142
 143 138 142 136 131 138 146 116  14  30  26 168 146 149 142 139
 147  53  10   8 113 139 146 119  14  29  27  21  18  16  17  13

