 153 153 151 148 150 153 154 155 154 153 152 154 155 163 101  16
 155 155 153 152 151 154 154 154 154 154 152 153 154 163 106   6
 157 157 156 155 155 155 154 153 153 153 154 154 154 158 115   7
 154 154 152 151 152 154 154 153 151 148 150 151 149 155 119  16
 157 156 172 161 145 150 152 153 140 154 154 155 150 165 123  59
  36  39  47  14  74 151 157 158  28  43  22  19  28  14  92 162
  38  34  31  27  73 149 149 157  33  37  37  38  39  21  88 140
  25  24  23  21  76 161 149 145  40  23  38  22  28  13  88 155
  23  22  22  22  30  59  64  71 137 162 181  59  22  25  35  52
  24  23  22  24  24  25  33  38 152 145 168  64  24  29  33  41
  28  24  18  19  29  28  25  25 155 148 166  71  18  30  25  27
  23  91 130 123 101  30  24  39 152 147 151 134 129 127 126 122
  15 120 157 148 139  27  23  38 152 147 152 152 151 146 144 144
  16 102 149 145 135  21  21  25 150 142 150 151 149 147 144 145
  14 111 162 144 137  30  26  31 138 136 145 152 149 128 138 148
  26  20  20  19  23  33  28  22  22  28  28  18  20  10  90 154
 156 155 154 153 153 154 155 156 156 157 156 155 154 166  99  13
 156 156 155 155 156 156 156 156 157 157 157 156 155 167 109   6
 156 156 156 155 156 157 157 155 155 155 155 156 156 166 120   7
 154 155 156 155 155 155 155 154 153 154 157 155 155 164 123   8
 173 170 189 179 158 156 156 159 149 171 170 168 159 175 126  60
  24  25  28   0  70 157 156 150  23  37  13   1   7   3  98 181
  27  27  29  24  82 160 154 157  31  33  31  29  29  15  95 150
  25  25  26  23  92 183 167 156  38  14  20  15  29  17 110 183
  23  24  24  25  31  55  53  73 150 187 193  61  24  25  32  48
  24  23  24  26  25  27  31  41 160 153 170  62  21  29  30  31
  22  19  15  16  23  30  27  30 164 156 166  65  10  19   8   7
  19  90 140 135 105  33  25  43 164 156 154 135 134 132 134 134
  18 135 174 162 142  25  22  39 162 155 153 156 159 154 154 155
  23 118 166 161 142  21  20  29 161 152 155 161 159 159 155 155
  20 130 175 150 134  28  27  40 157 151 155 162 158 131 145 156
  27  15  12  11  14  27  29  22  18  21  21  14  15   7  90 162
 127 129 128 127 127 126 127 128 126 126 128 130 128 137  83  11
 128 128 128 128 128 127 127 128 127 126 128 129 127 137  93   6
 129 131 133 131 129 127 126 128 128 128 129 128 125 133  99   6
 130 131 132 131 129 128 128 127 127 128 131 129 126 133 103   7
 143 145 167 158 136 130 128 132 120 135 132 129 123 145 110  50
  22  23  24   0  62 134 127 125  15  30  14   2   7   3  87 149
  24  26  27  24  75 136 124 135  25  31  30  28  28  14  87 129
  25  25  24  23  85 159 138 133  31  11  17  13  28  15  95 149
  23  23  24  23  29  48  43  63 134 161 171  58  26  25  27  41
  22  22  23  22  21  20  27  39 143 121 140  48  19  24  25  24
  21  18  10  10  16  23  26  29 143 121 134  53   8  14   6   7
  18  77 110 100  79  24  27  43 145 125 128 115 117 113 118 118
  17 119 144 127 118  23  25  40 142 126 128 133 132 126 124 123
  20 105 135 124 116  19  24  29 142 123 128 137 135 131 127 125
  21 124 161 130 119  24  30  42 144 121 126 134 129 106 119 127
  24  11   6   7  10  22  26  18  15  16  16  14  15   8  82 136

  16   6   7  16  59 162 140 155  52  41  27 122 144 145 148 154
 101 106 115 119 123  92  88  88  35  33  25 126 144 144 138  90
 163 163 158 155 165  14  21  13  25  29  30 127 146 147 128  10
 155 154 154 149 150  28  39  28  22  24  18 129 151 149 149  20
 154 153 154 151 155  19  38  22  59  64  71 134 152 151 152  18
 152 152 154 150 154  22  37  38 181 168 166 151 152 150 145  28
 153 154 153 148 154  43  37  23 162 145 148 147 147 142 136  28
 154 154 153 151 140  28  33  40 137 152 155 152 152 150 138  22
 155 154 153 153 153 158 157 145  71  38  25  39  38  25  31  22
 154 154 154 154 152 157 149 149  64  33  25  24  23  21  26  28
 153 154 155 154 150 151 149 161  59  25  28  30  27  21  30  33
 150 151 155 152 145  74  73  76  30  24  29 101 139 135 137  23
 148 152 155 151 161  14  27  21  22  24  19 123 148 145 144  19
 151 153 156 152 172  47  31  23  22  22  18 130 157 149 162  20
 153 155 157 154 156  39  34  24  22  23  24  91 120 102 111  20
 153 155 157 154 157  36  38  25  23  24  28  23  15  16  14  26
  13   6   7   8  60 181 150 183  48  31   7 134 155 155 156 162
  99 109 120 123 126  98  95 110  32  30   8 134 154 155 145  90
 166 167 166 164 175   3  15  17  25  29  19 132 154 159 131   7
 154 155 156 155 159   7  29  29  24  21  10 134 159 159 158  15
 155 156 156 155 168   1  29  15  61  62  65 135 156 161 162  14
 156 157 155 157 170  13  31  20 193 170 166 154 153 155 155  21
 157 157 155 154 171  37  33  14 187 153 156 156 155 152 151  21
 156 157 155 153 149  23  31  38 150 160 164 164 162 161 157  18
 156 156 155 154 159 150 157 156  73  41  30  43  39  29  40  22
 155 156 157 155 156 156 154 167  53  31  27  25  22  20  27  29
 154 156 157 155 156 157 160 183  55  27  30  33  25  21  28  27
 153 156 156 155 158  70  82  92  31  25  23 105 142 142 134  14
 153 155 155 155 179   0  24  23  25  26  16 135 162 161 150  11
 154 155 156 156 189  28  29  26  24  24  15 140 174 166 175  12
 155 156 156 155 170  25  27  25  24  23  19  90 135 118 130  15
 156 156 156 154 173  24  27  25  23  24  22  19  18  23  20  27
  11   6   6   7  50 149 129 149  41  24   7 118 123 125 127 136
  83  93  99 103 110  87  87  95  27  25   6 118 124 127 119  82
 137 137 133 133 145   3  14  15  25  24  14 113 126 131 106   8
 128 127 125 126 123   7  28  28  26  19   8 117 132 135 129  15
 130 129 128 129 129   2  28  13  58  48  53 115 133 137 134  14
 128 128 129 131 132  14  30  17 171 140 134 128 128 128 126  16
 126 126 128 128 135  30  31  11 161 121 121 125 126 123 121  16
 126 127 128 127 120  15  25  31 134 143 143 145 142 142 144  15
 128 128 128 127 132 125 135 133  63  39  29  43  40  29  42  18
 127 127 126 128 128 127 124 138  43  27  26  27  25  24  30  26
 126 127 127 128 130 134 136 159  48  20  23  24  23  19  24  22
 127 128 129 129 136  62  75  85  29  21  16  79 118 116 119  10
 127 128 131 131 158   0  24  23  23  22  10 100 127 124 130   7
 128 128 133 132 167  24  27  24  24  23  10 110 144 135 161   6
 129 128 131 131 145  23  26  25  23  22  18  77 119 105 124  11
 127 128 129 130 143  22  24  25  23  22  21  18  17  20  21  24

 154  90  10  20  18  28  28  22  22  28  33  23  19  20  20  26
 148 138 128 149 152 145 136 138  31  26  30 137 144 162 111  14
 145 144 147 149 151 150 142 150  25  21  21 135 145 149 102  16
 144 144 146 151 152 152 147 152  38  23  27 139 148 157 120  15
 122 126 127 129 134 151 147 152  39  24  30 101 123 130  91  23
  27  25  30  18  71 166 148 155  25  25  28  29  19  18  24  28
  41  33  29  24  64 168 145 152  38  33  25  24  24  22  23  24
  52  35  25  22  59 181 162 137  71  64  59  30  22  22  22  23
 155  88  13  28  22  38  23  40 145 149 161  76  21  23  24  25
 140  88  21  39  38  37  37  33 157 149 149  73  27  31  34  38
 162  92  14  28  19  22  43  28 158 157 151  74  14  47  39  36
  59 123 165 150 155 154 154 140 153 152 150 145 161 172 156 157
  16 119 155 149 151 150 148 151 153 154 154 152 151 152 154 154
   7 115 158 154 154 154 153 153 153 154 155 155 155 156 157 157
   6 106 163 154 153 152 154 154 154 154 154 151 152 153 155 155
  16 101 163 155 154 152 153 154 155 154 153 150 148 151 153 153
 162  90   7  15  14  21  21  18  22  29  27  14  11  12  15  27
 156 145 131 158 162 155 151 157  40  27  28 134 150 175 130  20
 155 155 159 159 161 155 152 161  29  20  21 142 161 166 118  23
 155 154 154 159 156 153 155 162  39  22  25 142 162 174 135  18
 134 134 132 134 135 154 156 164  43  25  33 105 135 140  90  19
   7   8  19  10  65 166 156 164  30  27  30  23  16  15  19  22
  31  30  29  21  62 170 153 160  41  31  27  25  26  24  23  24
  48  32  25  24  61 193 187 150  73  53  55  31  25  24  24  23
 183 110  17  29  15  20  14  38 156 167 183  92  23  26  25  25
 150  95  15  29  29  31  33  31 157 154 160  82  24  29  27  27
 181  98   3   7   1  13  37  23 150 156 157  70   0  28  25  24
  60 126 175 159 168 170 171 149 159 156 156 158 179 189 170 173
   8 123 164 155 155 157 154 153 154 155 155 155 155 156 155 154
   7 120 166 156 156 155 155 155 155 157 157 156 155 156 156 156
   6 109 167 155 156 157 157 157 156 156 156 156 155 155 156 156
  13  99 166 154 155 156 157 156 156 155 154 153 153 154 155 156
 136  82   8  15  14  16  16  15  18  26  22  10   7   6  11  24
 127 119 106 129 134 126 121 144  42  30  24 119 130 161 124  21
 125 127 131 135 137 128 123 142  29  24  19 116 124 135 105  20
 123 124 126 132 133 128 126 142  40  25  23 118 127 144 119  17
 118 118 113 117 115 128 125 145  43  27  24  79 100 110  77  18
   7   6  14   8  53 134 121 143  29  26  23  16  10  10  18  21
  24  25  24  19  48 140 121 143  39  27  20  21  22  23  22  22
  41  27  25  26  58 171 161 134  63  43  48  29  23  24  23  23
 149  95  15  28  13  17  11  31 133 138 159  85  23  24  25  25
 129  87  14  28  28  30  31  25 135 124 136  75  24  27  26  24
 149  87   3   7   2  14  30  15 125 127 134  62   0  24  23  22
  50 110 145 123 129 132 135 120 132 128 130 136 158 167 145 143
   7 103 133 126 129 131 128 127 127 128 128 129 131 132 131 130
   6  99 133 125 128 129 128 128 128 126 127 129 131 133 131 129
   6  93 137 127 129 128 126 127 128 127 127 128 128 128 128 128
  11  83 137 128 130 128 126 126 128 127 126 127 127 128 129 127

  26  14  16  15  23  28  24  23  25  38  36 157 154 157 155 153
  20 111 102 120  91  24  23  22  24  34  39 156 154 157 155 153
  20 162 149 157 130  18  22  22  23  31  47 172 152 156 153 151
  19 144 145 148 123  19  24  22  21  27  14 161 151 155 152 148
  23 137 135 139 101  29  24  30  76  73  74 145 152 155 151 150
  33  30  21  27  30  28  25  59 161 149 151 150 154 155 154 153
  28  26  21  23  24  25  33  64 149 149 157 152 154 154 154 154
  22  31  25  38  39  25  38  71 145 157 158 153 153 153 154 155
  22 138 150 152 152 155 152 137  40  33  28 140 151 153 154 154
  28 136 142 147 147 148 145 162  23  37  43 154 148 153 154 153
  28 145 150 152 151 166 168 181  38  37  22 154 150 154 152 152
  18 152 151 152 134  71  64  59  22  38  19 155 151 154 153 154
  20 149 149 151 129  18  24  22  28  39  28 150 149 154 154 155
  10 128 147 146 127  30  29  25  13  21  14 165 155 158 163 163
  90 138 144 144 126  25  33  35  88  88  92 123 119 115 106 101
 154 148 145 144 122  27  41  52 155 140 162  59  16   7   6  16
  27  20  23  18  19  22  24  23  25  27  24 173 154 156 156 156
  15 130 118 135  90  19  23  24  25  27  25 170 155 156 156 155
  12 175 166 174 140  15  24  24  26  29  28 189 156 156 155 154
  11 150 161 162 135  16  26  25  23  24   0 179 155 155 155 153
  14 134 142 142 105  23  25  31  92  82  70 158 155 156 156 153
  27  28  21  25  33  30  27  55 183 160 157 156 155 157 156 154
  29  27  20  22  25  27  31  53 167 154 156 156 155 157 156 155
  22  40  29  39  43  30  41  73 156 157 150 159 154 155 156 156
  18 157 161 162 164 164 160 150  38  31  23 149 153 155 157 156
  21 151 152 155 156 156 153 187  14  33  37 171 154 155 157 157
  21 155 155 153 154 166 170 193  20  31  13 170 157 155 157 156
  14 162 161 156 135  65  62  61  15  29   1 168 155 156 156 155
  15 158 159 159 134  10  21  24  29  29   7 159 155 156 155 154
   7 131 159 154 132  19  29  25  17  15   3 175 164 166 167 166
  90 145 155 154 134   8  30  32 110  95  98 126 123 120 109  99
 162 156 155 155 134   7  31  48 183 150 181  60   8   7   6  13
  24  21  20  17  18  21  22  23  25  24  22 143 130 129 128 127
  11 124 105 119  77  18  22  23  25  26  23 145 131 131 128 129
   6 161 135 144 110  10  23  24  24  27  24 167 132 133 128 128
   7 130 124 127 100  10  22  23  23  24   0 158 131 131 128 127
  10 119 116 118  79  16  21  29  85  75  62 136 129 129 128 127
  22  24  19  23  24  23  20  48 159 136 134 130 128 127 127 126
  26  30  24  25  27  26  27  43 138 124 127 128 128 126 127 127
  18  42  29  40  43  29  39  63 133 135 125 132 127 128 128 128
  15 144 142 142 145 143 143 134  31  25  15 120 127 128 127 126
  16 121 123 126 125 121 121 161  11  31  30 135 128 128 126 126
  16 126 128 128 128 134 140 171  17  30  14 132 131 129 128 128
  14 134 137 133 115  53  48  58  13  28   2 129 129 128 129 130
  15 129 135 132 117   8  19  26  28  28   7 123 126 125 127 128
   8 106 131 126 113  14  24  25  15  14   3 145 133 133 137 137
  82 119 127 124 118   6  25  27  95  87  87 110 103  99  93  83
 136 127 125 123 118   7  24  41 149 129 149  50   7   6   6  11

