 254 255 255 253 248 242 116  13  43 214 255 211  44   7   7  10
 255 255 255 222 134 130  76  16  44 205 255 217  42   9   9  11
 255 254 253 177  37  25  18  13  42 204 255 212  49   3   6   7
 252 229 227 150  30  15  15  14  44 207 255 225  88  66  68  68
 229 118  92  73  15  15  14  12  41 205 255 252 217 205 206 200
 211  71   9  15  15  15  14  12  36 202 253 254 254 254 254 254
 152  53  13  16  18  19  17  15  40 148 192 197 193 198 197 201
  53  18  11  17  14  18  14  13  17  46  57  61  67  58  65  66
  17  34  43  40  14  18  15  18  15  33  38  45  42  40  42  43
  53 140 163 123  31  18  18  21  34 127 167 161 163 166 170 172
  77 215 253 181  39  13  15  20  37 197 248 252 251 253 251 252
 120 238 255 200  89  79  55  20  41 197 255 255 255 255 254 245
 220 254 255 245 208 202 128  24  39 204 255 255 255 255 237 146
 254 254 254 254 254 253 150  21  45 201 255 255 254 254 212  58
 251 210 192 221 254 253 148  25  35 203 254 253 231 210 179 126
 226 106  74 135 242 255 155  22  38 197 255 244 123  87 131 222
 255 255 255 255 253 247 152  53  83 220 255 223  96  21  21  23
 255 255 255 239 177 167 117  43  91 217 255 230 105  23  26  26
 255 255 254 200  99  68  50  34  79 219 255 225  99  27  25  29
 254 243 237 170  76  37  33  32  87 218 255 237 146 117 116 116
 239 166 136 114  55  34  33  33  85 216 255 255 236 220 222 218
 219 122  36  43  36  33  32  35  80 214 254 255 255 255 255 255
 168  99  31  33  35  32  33  32  73 167 211 218 213 216 215 217
  97  55  36  36  37  33  34  32  37  88 112 112 116 108 113 111
  51  82  86  77  42  35  36  35  42  79  92  93  93  92  89  91
  98 157 187 146  75  40  41  41  70 145 189 187 191 192 197 196
 119 223 255 200  92  47  48  45  83 207 254 254 254 255 254 254
 170 247 255 222 145 126  95  51  86 208 255 255 255 255 255 251
 236 255 255 252 227 216 153  68  84 217 255 255 255 255 250 190
 255 255 255 255 255 254 181  68  87 213 255 255 255 255 232 123
 254 235 214 239 255 255 180  73  77 210 255 255 244 228 206 172
 237 163 123 183 248 255 183  66  87 211 255 249 177 135 174 233
 255 255 255 255 253 246 158  98 115 219 255 222 131  47  41  43
 255 255 255 241 197 173 133  82 120 213 255 230 139  50  45  46
 255 255 254 207 143 104  85  67 105 212 255 226 134  62  55  61
 254 243 237 172 112  69  61  58 113 215 255 236 177 138 138 136
 240 189 159 130  92  60  57  57 116 213 255 255 238 220 222 216
 219 155  82  77  68  58  56  57 107 208 254 255 255 255 255 255
 169 130  69  66  68  61  57  58  94 162 210 220 215 218 216 218
 126  91  70  68  64  60  59  59  69 109 139 142 143 140 143 141
  89 108 113  98  75  62  62  65  71 104 123 124 124 122 120 123
 120 157 186 146 108  71  67  68  96 146 189 189 192 194 200 199
 144 219 255 199 127  83  76  72 111 205 252 254 254 255 254 254
 186 246 255 224 169 137 112  86 115 205 255 255 255 255 255 252
 236 255 255 252 229 210 155 103 112 214 255 255 255 255 250 205
 255 255 255 255 255 254 184 109 116 213 255 255 255 255 234 167
 254 236 218 238 255 255 189 117 110 209 255 255 245 231 212 189
 237 184 156 192 246 255 188 111 117 207 255 249 199 169 190 231

  10  11   7  68 200 254 201  66  43 172 252 245 146  58 126 222
   7   9   6  68 206 254 197  65  42 170 251 254 237 212 179 131
   7   9   3  66 205 254 198  58  40 166 253 255 255 254 210  87
  44  42  49  88 217 254 193  67  42 163 251 255 255 254 231 123
 211 217 212 225 252 254 197  61  45 161 252 255 255 255 253 244
 255 255 255 255 255 253 192  57  38 167 248 255 255 255 254 255
 214 205 204 207 205 202 148  46  33 127 197 197 204 201 203 197
  43  44  42  44  41  36  40  17  15  34  37  41  39  45  35  38
  13  16  13  14  12  12  15  13  18  21  20  20  24  21  25  22
 116  76  18  15  14  14  17  14  15  18  15  55 128 150 148 155
 242 130  25  15  15  15  19  18  18  18  13  79 202 253 253 255
 248 134  37  30  15  15  18  14  14  31  39  89 208 254 254 242
 253 222 177 150  73  15  16  17  40 123 181 200 245 254 221 135
 255 255 253 227  92   9  13  11  43 163 253 255 255 254 192  74
 255 255 254 229 118  71  53  18  34 140 215 238 254 254 210 106
 254 255 255 252 229 211 152  53  17  53  77 120 220 254 251 226
  23  26  29 116 218 255 217 111  91 196 254 251 190 123 172 233
  21  26  25 116 222 255 215 113  89 197 254 255 250 232 206 174
  21  23  27 117 220 255 216 108  92 192 255 255 255 255 228 135
  96 105  99 146 236 255 213 116  93 191 254 255 255 255 244 177
 223 230 225 237 255 255 218 112  93 187 254 255 255 255 255 249
 255 255 255 255 255 254 211 112  92 189 254 255 255 255 255 255
 220 217 219 218 216 214 167  88  79 145 207 208 217 213 210 211
  83  91  79  87  85  80  73  37  42  70  83  86  84  87  77  87
  53  43  34  32  33  35  32  32  35  41  45  51  68  68  73  66
 152 117  50  33  33  32  33  34  36  41  48  95 153 181 180 183
 247 167  68  37  34  33  32  33  35  40  47 126 216 254 255 255
 253 177  99  76  55  36  35  37  42  75  92 145 227 255 255 248
 255 239 200 170 114  43  33  36  77 146 200 222 252 255 239 183
 255 255 254 237 136  36  31  36  86 187 255 255 255 255 214 123
 255 255 255 243 166 122  99  55  82 157 223 247 255 255 235 163
 255 255 255 254 239 219 168  97  51  98 119 170 236 255 254 237
  43  46  61 136 216 255 218 141 123 199 254 252 205 167 189 231
  41  45  55 138 222 255 216 143 120 200 254 255 250 234 212 190
  47  50  62 138 220 255 218 140 122 194 255 255 255 255 231 169
 131 139 134 177 238 255 215 143 124 192 254 255 255 255 245 199
 222 230 226 236 255 255 220 142 124 189 254 255 255 255 255 249
 255 255 255 255 255 254 210 139 123 189 252 255 255 255 255 255
 219 213 212 215 213 208 162 109 104 146 205 205 214 213 209 207
 115 120 105 113 116 107  94  69  71  96 111 115 112 116 110 117
  98  82  67  58  57  57  58  59  65  68  72  86 103 109 117 111
 158 133  85  61  57  56  57  59  62  67  76 112 155 184 189 188
 246 173 104  69  60  58  61  60  62  71  83 137 210 254 255 255
 253 197 143 112  92  68  68  64  75 108 127 169 229 255 255 246
 255 241 207 172 130  77  66  68  98 146 199 224 252 255 238 192
 255 255 254 237 159  82  69  70 113 186 255 255 255 255 218 156
 255 255 255 243 189 155 130  91 108 157 219 246 255 255 236 184
 255 255 255 254 240 219 169 126  89 120 144 186 236 255 254 237

 222 131  87 123 244 255 197  38  22 155 255 242 135  74 106 226
 126 179 210 231 253 254 203  35  25 148 253 254 221 192 210 251
  58 212 254 254 255 255 201  45  21 150 253 254 254 254 254 254
 146 237 255 255 255 255 204  39  24 128 202 208 245 255 254 220
 245 254 255 255 255 255 197  41  20  55  79  89 200 255 238 120
 252 251 253 251 252 248 197  37  20  15  13  39 181 253 215  77
 172 170 166 163 161 167 127  34  21  18  18  31 123 163 140  53
  43  42  40  42  45  38  33  15  18  15  18  14  40  43  34  17
  66  65  58  67  61  57  46  17  13  14  18  14  17  11  18  53
 201 197 198 193 197 192 148  40  15  17  19  18  16  13  53 152
 254 254 254 254 254 253 202  36  12  14  15  15  15   9  71 211
 200 206 205 217 252 255 205  41  12  14  15  15  73  92 118 229
  68  68  66  88 225 255 207  44  14  15  15  30 150 227 229 252
   7   6   3  49 212 255 204  42  13  18  25  37 177 253 254 255
  11   9   9  42 217 255 205  44  16  76 130 134 222 255 255 255
  10   7   7  44 211 255 214  43  13 116 242 248 253 255 255 254
 233 174 135 177 249 255 211  87  66 183 255 248 183 123 163 237
 172 206 228 244 255 255 210  77  73 180 255 255 239 214 235 254
 123 232 255 255 255 255 213  87  68 181 254 255 255 255 255 255
 190 250 255 255 255 255 217  84  68 153 216 227 252 255 255 236
 251 255 255 255 255 255 208  86  51  95 126 145 222 255 247 170
 254 254 255 254 254 254 207  83  45  48  47  92 200 255 223 119
 196 197 192 191 187 189 145  70  41  41  40  75 146 187 157  98
  91  89  92  93  93  92  79  42  35  36  35  42  77  86  82  51
 111 113 108 116 112 112  88  37  32  34  33  37  36  36  55  97
 217 215 216 213 218 211 167  73  32  33  32  35  33  31  99 168
 255 255 255 255 255 254 214  80  35  32  33  36  43  36 122 219
 218 222 220 236 255 255 216  85  33  33  34  55 114 136 166 239
 116 116 117 146 237 255 218  87  32  33  37  76 170 237 243 254
  29  25  27  99 225 255 219  79  34  50  68  99 200 254 255 255
  26  26  23 105 230 255 217  91  43 117 167 177 239 255 255 255
  23  21  21  96 223 255 220  83  53 152 247 253 255 255 255 255
 231 190 169 199 249 255 207 117 111 188 255 246 192 156 184 237
 189 212 231 245 255 255 209 110 117 189 255 255 238 218 236 254
 167 234 255 255 255 255 213 116 109 184 254 255 255 255 255 255
 205 250 255 255 255 255 214 112 103 155 210 229 252 255 255 236
 252 255 255 255 255 255 205 115  86 112 137 169 224 255 246 186
 254 254 255 254 254 252 205 111  72  76  83 127 199 255 219 144
 199 200 194 192 189 189 146  96  68  67  71 108 146 186 157 120
 123 120 122 124 124 123 104  71  65  62  62  75  98 113 108  89
 141 143 140 143 142 139 109  69  59  59  60  64  68  70  91 126
 218 216 218 215 220 210 162  94  58  57  61  68  66  69 130 169
 255 255 255 255 255 254 208 107  57  56  58  68  77  82 155 219
 216 222 220 238 255 255 213 116  57  57  60  92 130 159 189 240
 136 138 138 177 236 255 215 113  58  61  69 112 172 237 243 254
  61  55  62 134 226 255 212 105  67  85 104 143 207 254 255 255
  46  45  50 139 230 255 213 120  82 133 173 197 241 255 255 255
  43  41  47 131 222 255 219 115  98 158 246 253 255 255 255 255

 226 251 254 220 120  77  53  17  53 152 211 229 252 255 255 254
 106 210 254 254 238 215 140  34  18  53  71 118 229 254 255 255
  74 192 254 255 255 253 163  43  11  13   9  92 227 253 255 255
 135 221 254 245 200 181 123  40  17  16  15  73 150 177 222 253
 242 254 254 208  89  39  31  14  14  18  15  15  30  37 134 248
 255 253 253 202  79  13  18  18  18  19  15  15  15  25 130 242
 155 148 150 128  55  15  18  15  14  17  14  14  15  18  76 116
  22  25  21  24  20  20  21  18  13  15  12  12  14  13  16  13
  38  35  45  39  41  37  34  15  17  40  36  41  44  42  44  43
 197 203 201 204 197 197 127  33  46 148 202 205 207 204 205 214
 255 254 255 255 255 248 167  38  57 192 253 255 255 255 255 255
 244 253 255 255 255 252 161  45  61 197 254 252 225 212 217 211
 123 231 254 255 255 251 163  42  67 193 254 217  88  49  42  44
  87 210 254 255 255 253 166  40  58 198 254 205  66   3   9   7
 131 179 212 237 254 251 170  42  65 197 254 206  68   6   9   7
 222 126  58 146 245 252 172  43  66 201 254 200  68   7  11  10
 237 254 255 236 170 119  98  51  97 168 219 239 254 255 255 255
 163 235 255 255 247 223 157  82  55  99 122 166 243 255 255 255
 123 214 255 255 255 255 187  86  36  31  36 136 237 254 255 255
 183 239 255 252 222 200 146  77  36  33  43 114 170 200 239 255
 248 255 255 227 145  92  75  42  37  35  36  55  76  99 177 253
 255 255 254 216 126  47  40  35  33  32  33  34  37  68 167 247
 183 180 181 153  95  48  41  36  34  33  32  33  33  50 117 152
  66  73  68  68  51  45  41  35  32  32  35  33  32  34  43  53
  87  77  87  84  86  83  70  42  37  73  80  85  87  79  91  83
 211 210 213 217 208 207 145  79  88 167 214 216 218 219 217 220
 255 255 255 255 255 254 189  92 112 211 254 255 255 255 255 255
 249 255 255 255 255 254 187  93 112 218 255 255 237 225 230 223
 177 244 255 255 255 254 191  93 116 213 255 236 146  99 105  96
 135 228 255 255 255 255 192  92 108 216 255 220 117  27  23  21
 174 206 232 250 255 254 197  89 113 215 255 222 116  25  26  21
 233 172 123 190 251 254 196  91 111 217 255 218 116  29  26  23
 237 254 255 236 186 144 120  89 126 169 219 240 254 255 255 255
 184 236 255 255 246 219 157 108  91 130 155 189 243 255 255 255
 156 218 255 255 255 255 186 113  70  69  82 159 237 254 255 255
 192 238 255 252 224 199 146  98  68  66  77 130 172 207 241 255
 246 255 255 229 169 127 108  75  64  68  68  92 112 143 197 253
 255 255 254 210 137  83  71  62  60  61  58  60  69 104 173 246
 188 189 184 155 112  76  67  62  59  57  56  57  61  85 133 158
 111 117 109 103  86  72  68  65  59  58  57  57  58  67  82  98
 117 110 116 112 115 111  96  71  69  94 107 116 113 105 120 115
 207 209 213 214 205 205 146 104 109 162 208 213 215 212 213 219
 255 255 255 255 255 252 189 123 139 210 254 255 255 255 255 255
 249 255 255 255 255 254 189 124 142 220 255 255 236 226 230 222
 199 245 255 255 255 254 192 124 143 215 255 238 177 134 139 131
 169 231 255 255 255 255 194 122 140 218 255 220 138  62  50  47
 190 212 234 250 255 254 200 120 143 216 255 222 138  55  45  41
 231 189 167 205 252 254 199 123 141 218 255 216 136  61  46  43

