 139 166 177 182 182 185 183 177 150 151 152 183 191 190 162  81
  79 126 177 183 180 184 184 169 102  81  89 157 187 191 184 155
  32  89 176 183 180 185 186 165  69  30  41 126 186 190 190 187
  30  92 173 183 180 183 186 167  72  26  33 110 169 171 186 191
  28  91 176 184 182 182 186 162  66  24  22  58 109 121 157 193
  31  90 175 185 182 182 187 163  69  23  23  33  43  52 118 189
  43 104 179 185 178 170 179 156  67  25  27  42  44  52 108 186
  93 123 182 185 158 127 134 124  60  24  36  88 102 106 133 186
 159 163 183 185 148  71  60  60  36  25  41 125 167 167 175 186
 173 178 182 185 152  61  35  37  31  29  47 128 188 187 188 187
 142 169 183 186 167  93  86  78  81  76  90 145 191 190 164 159
  76 137 182 186 181 154 150 146 149 151 154 164 191 190 139  92
  35 104 178 185 178 179 180 176 180 183 185 189 190 189 139  49
  27  78 157 161 160 160 163 164 167 172 173 187 190 191 145  68
  23  47 101 104 107 105 108 105 114 113 127 168 187 194 181 137
  22  24  35  37  39  39  41  38  42  43  57 136 185 191 192 182
 114 141 149 152 152 150 150 143 121 124 124 148 155 155 132  60
  61 106 149 155 152 152 151 137  80  60  69 126 152 157 152 124
  23  74 148 154 153 154 151 137  50  18  29 100 152 157 155 152
  22  81 146 153 153 152 151 138  55  15  24  87 137 139 151 155
  20  81 148 152 154 154 149 135  50  15  14  43  82  92 125 157
  22  78 146 151 154 154 150 137  52  15  14  21  28  33  89 156
  33  87 148 150 150 145 143 129  52  17  18  28  26  34  79 154
  79 100 149 151 132 105 106 103  49  16  27  73  81  86 101 156
 135 137 150 151 120  49  42  42  29  16  30 106 137 139 140 156
 146 152 151 152 125  40  22  21  22  19  33 107 156 157 154 158
 115 145 153 154 141  66  67  59  68  60  72 119 157 157 133 130
  62 116 151 152 153 126 124 123 127 124 129 136 160 157 111  69
  26  85 148 154 152 150 150 153 153 153 157 160 161 157 112  33
  19  62 129 134 135 135 133 136 138 142 146 159 161 158 117  49
  16  37  82  85  88  88  85  86  88  89 103 142 160 160 151 110
  15  17  26  28  30  27  30  27  32  30  45 114 158 159 159 154
 112 136 146 147 150 151 150 143 117 121 123 146 154 152 131  59
  61 103 146 150 149 151 149 135  75  59  68 126 152 154 151 124
  21  73 146 149 149 152 149 134  47  18  29 102 152 152 153 152
  22  79 144 149 149 150 148 136  52  16  24  89 137 136 148 153
  21  79 145 150 149 150 149 130  48  15  15  44  82  89 123 154
  23  75 144 151 150 149 152 133  52  16  15  22  27  32  86 151
  33  83 145 151 145 140 144 128  51  18  19  30  25  33  76 148
  78  96 147 149 126 101 107 101  49  17  27  75  80  84  99 150
 132 133 147 149 116  46  43  41  28  17  30 105 135 136 140 150
 143 149 147 149 122  38  22  21  22  20  33 103 153 153 152 152
 113 141 150 150 138  66  68  60  66  60  67 113 155 154 129 126
  60 114 151 151 149 125 125 120 123 123 122 131 155 155 106  66
  27  85 149 150 148 149 151 147 150 151 151 154 155 155 108  29
  20  63 131 130 132 134 134 132 137 139 140 154 155 157 114  44
  17  38  84  82  86  86  85  85  88  87  99 139 155 157 147 105
  16  18  26  26  29  27  28  27  30  30  42 112 154 155 153 149

  81 155 187 191 193 189 186 186 186 187 159  92  49  68 137 182
 162 184 190 186 157 118 108 133 175 188 164 139 139 145 181 192
 190 191 190 171 121  52  52 106 167 187 190 190 189 191 194 191
 191 187 186 169 109  43  44 102 167 188 191 191 190 190 187 185
 183 157 126 110  58  33  42  88 125 128 145 164 189 187 168 136
 152  89  41  33  22  23  27  36  41  47  90 154 185 173 127  57
 151  81  30  26  24  23  25  24  25  29  76 151 183 172 113  43
 150 102  69  72  66  69  67  60  36  31  81 149 180 167 114  42
 177 169 165 167 162 163 156 124  60  37  78 146 176 164 105  38
 183 184 186 186 186 187 179 134  60  35  86 150 180 163 108  41
 185 184 185 183 182 182 170 127  71  61  93 154 179 160 105  39
 182 180 180 180 182 182 178 158 148 152 167 181 178 160 107  39
 182 183 183 183 184 185 185 185 185 185 186 186 185 161 104  37
 177 177 176 173 176 175 179 182 183 182 183 182 178 157 101  35
 166 126  89  92  91  90 104 123 163 178 169 137 104  78  47  24
 139  79  32  30  28  31  43  93 159 173 142  76  35  27  23  22
  60 124 152 155 157 156 154 156 156 158 130  69  33  49 110 154
 132 152 155 151 125  89  79 101 140 154 133 111 112 117 151 159
 155 157 157 139  92  33  34  86 139 157 157 157 157 158 160 159
 155 152 152 137  82  28  26  81 137 156 157 160 161 161 160 158
 148 126 100  87  43  21  28  73 106 107 119 136 160 159 142 114
 124  69  29  24  14  14  18  27  30  33  72 129 157 146 103  45
 124  60  18  15  15  15  17  16  16  19  60 124 153 142  89  30
 121  80  50  55  50  52  52  49  29  22  68 127 153 138  88  32
 143 137 137 138 135 137 129 103  42  21  59 123 153 136  86  27
 150 151 151 151 149 150 143 106  42  22  67 124 150 133  85  30
 150 152 154 152 154 154 145 105  49  40  66 126 150 135  88  27
 152 152 153 153 154 154 150 132 120 125 141 153 152 135  88  30
 152 155 154 153 152 151 150 151 151 152 154 152 154 134  85  28
 149 149 148 146 148 146 148 149 150 151 153 151 148 129  82  26
 141 106  74  81  81  78  87 100 137 152 145 116  85  62  37  17
 114  61  23  22  20  22  33  79 135 146 115  62  26  19  16  15
  59 124 152 153 154 151 148 150 150 152 126  66  29  44 105 149
 131 151 153 148 123  86  76  99 140 152 129 106 108 114 147 153
 152 154 152 136  89  32  33  84 136 153 154 155 155 157 157 155
 154 152 152 137  82  27  25  80 135 153 155 155 155 155 155 154
 146 126 102  89  44  22  30  75 105 103 113 131 154 154 139 112
 123  68  29  24  15  15  19  27  30  33  67 122 151 140  99  42
 121  59  18  16  15  16  18  17  17  20  60 123 151 139  87  30
 117  75  47  52  48  52  51  49  28  22  66 123 150 137  88  30
 143 135 134 136 130 133 128 101  41  21  60 120 147 132  85  27
 150 149 149 148 149 152 144 107  43  22  68 125 151 134  85  28
 151 151 152 150 150 149 140 101  46  38  66 125 149 134  86  27
 150 149 149 149 149 150 145 126 116 122 138 149 148 132  86  29
 147 150 149 149 150 151 151 149 149 149 150 151 150 130  82  26
 146 146 146 144 145 144 145 147 147 147 150 151 149 131  84  26
 136 103  73  79  79  75  83  96 133 149 141 114  85  63  38  18
 112  61  21  22  21  23  33  78 132 143 113  60  27  20  17  16

 182 192 191 185 136  57  43  42  38  41  39  39  37  35  24  22
 137 181 194 187 168 127 113 114 105 108 105 107 104 101  47  23
  68 145 191 190 187 173 172 167 164 163 160 160 161 157  78  27
  49 139 189 190 189 185 183 180 176 180 179 178 185 178 104  35
  92 139 190 191 164 154 151 149 146 150 154 181 186 182 137  76
 159 164 190 191 145  90  76  81  78  86  93 167 186 183 169 142
 187 188 187 188 128  47  29  31  37  35  61 152 185 182 178 173
 186 175 167 167 125  41  25  36  60  60  71 148 185 183 163 159
 186 133 106 102  88  36  24  60 124 134 127 158 185 182 123  93
 186 108  52  44  42  27  25  67 156 179 170 178 185 179 104  43
 189 118  52  43  33  23  23  69 163 187 182 182 185 175  90  31
 193 157 121 109  58  22  24  66 162 186 182 182 184 176  91  28
 191 186 171 169 110  33  26  72 167 186 183 180 183 173  92  30
 187 190 190 186 126  41  30  69 165 186 185 180 183 176  89  32
 155 184 191 187 157  89  81 102 169 184 184 180 183 177 126  79
  81 162 190 191 183 152 151 150 177 183 185 182 182 177 166 139
 154 159 159 158 114  45  30  32  27  30  27  30  28  26  17  15
 110 151 160 160 142 103  89  88  86  85  88  88  85  82  37  16
  49 117 158 161 159 146 142 138 136 133 135 135 134 129  62  19
  33 112 157 161 160 157 153 153 153 150 150 152 154 148  85  26
  69 111 157 160 136 129 124 127 123 124 126 153 152 151 116  62
 130 133 157 157 119  72  60  68  59  67  66 141 154 153 145 115
 158 154 157 156 107  33  19  22  21  22  40 125 152 151 152 146
 156 140 139 137 106  30  16  29  42  42  49 120 151 150 137 135
 156 101  86  81  73  27  16  49 103 106 105 132 151 149 100  79
 154  79  34  26  28  18  17  52 129 143 145 150 150 148  87  33
 156  89  33  28  21  14  15  52 137 150 154 154 151 146  78  22
 157 125  92  82  43  14  15  50 135 149 154 154 152 148  81  20
 155 151 139 137  87  24  15  55 138 151 152 153 153 146  81  22
 152 155 157 152 100  29  18  50 137 151 154 153 154 148  74  23
 124 152 157 152 126  69  60  80 137 151 152 152 155 149 106  61
  60 132 155 155 148 124 124 121 143 150 150 152 152 149 141 114
 149 153 155 154 112  42  30  30  27  28  27  29  26  26  18  16
 105 147 157 155 139  99  87  88  85  85  86  86  82  84  38  17
  44 114 157 155 154 140 139 137 132 134 134 132 130 131  63  20
  29 108 155 155 154 151 151 150 147 151 149 148 150 149  85  27
  66 106 155 155 131 122 123 123 120 125 125 149 151 151 114  60
 126 129 154 155 113  67  60  66  60  68  66 138 150 150 141 113
 152 152 153 153 103  33  20  22  21  22  38 122 149 147 149 143
 150 140 136 135 105  30  17  28  41  43  46 116 149 147 133 132
 150  99  84  80  75  27  17  49 101 107 101 126 149 147  96  78
 148  76  33  25  30  19  18  51 128 144 140 145 151 145  83  33
 151  86  32  27  22  15  16  52 133 152 149 150 151 144  75  23
 154 123  89  82  44  15  15  48 130 149 150 149 150 145  79  21
 153 148 136 137  89  24  16  52 136 148 150 149 149 144  79  22
 152 153 152 152 102  29  18  47 134 149 152 149 149 146  73  21
 124 151 154 152 126  68  59  75 135 149 151 149 150 146 103  61
  59 131 152 154 146 123 121 117 143 150 151 150 147 146 136 112

  22  23  27  35  76 142 173 159  93  43  31  28  30  32  79 139
  24  47  78 104 137 169 178 163 123 104  90  91  92  89 126 166
  35 101 157 178 182 183 182 183 182 179 175 176 173 176 177 177
  37 104 161 185 186 186 185 185 185 185 185 184 183 183 183 182
  39 107 160 178 181 167 152 148 158 178 182 182 180 180 180 182
  39 105 160 179 154  93  61  71 127 170 182 182 183 185 184 185
  41 108 163 180 150  86  35  60 134 179 187 186 186 186 184 183
  38 105 164 176 146  78  37  60 124 156 163 162 167 165 169 177
  42 114 167 180 149  81  31  36  60  67  69  66  72  69 102 150
  43 113 172 183 151  76  29  25  24  25  23  24  26  30  81 151
  57 127 173 185 154  90  47  41  36  27  23  22  33  41  89 152
 136 168 187 189 164 145 128 125  88  42  33  58 110 126 157 183
 185 187 190 190 191 191 188 167 102  44  43 109 169 186 187 191
 191 194 191 189 190 190 187 167 106  52  52 121 171 190 191 190
 192 181 145 139 139 164 188 175 133 108 118 157 186 190 184 162
 182 137  68  49  92 159 187 186 186 186 189 193 191 187 155  81
  15  16  19  26  62 115 146 135  79  33  22  20  22  23  61 114
  17  37  62  85 116 145 152 137 100  87  78  81  81  74 106 141
  26  82 129 148 151 153 151 150 149 148 146 148 146 148 149 149
  28  85 134 154 152 154 152 151 151 150 151 152 153 154 155 152
  30  88 135 152 153 141 125 120 132 150 154 154 153 153 152 152
  27  88 135 150 126  66  40  49 105 145 154 154 152 154 152 150
  30  85 133 150 124  67  22  42 106 143 150 149 151 151 151 150
  27  86 136 153 123  59  21  42 103 129 137 135 138 137 137 143
  32  88 138 153 127  68  22  29  49  52  52  50  55  50  80 121
  30  89 142 153 124  60  19  16  16  17  15  15  15  18  60 124
  45 103 146 157 129  72  33  30  27  18  14  14  24  29  69 124
 114 142 159 160 136 119 107 106  73  28  21  43  87 100 126 148
 158 160 161 161 160 157 156 137  81  26  28  82 137 152 152 155
 159 160 158 157 157 157 157 139  86  34  33  92 139 157 157 155
 159 151 117 112 111 133 154 140 101  79  89 125 151 155 152 132
 154 110  49  33  69 130 158 156 156 154 156 157 155 152 124  60
  16  17  20  27  60 113 143 132  78  33  23  21  22  21  61 112
  18  38  63  85 114 141 149 133  96  83  75  79  79  73 103 136
  26  84 131 149 151 150 147 147 147 145 144 145 144 146 146 146
  26  82 130 150 151 150 149 149 149 151 151 150 149 149 150 147
  29  86 132 148 149 138 122 116 126 145 150 149 149 149 149 150
  27  86 134 149 125  66  38  46 101 140 149 150 150 152 151 151
  28  85 134 151 125  68  22  43 107 144 152 149 148 149 149 150
  27  85 132 147 120  60  21  41 101 128 133 130 136 134 135 143
  30  88 137 150 123  66  22  28  49  51  52  48  52  47  75 117
  30  87 139 151 123  60  20  17  17  18  16  15  16  18  59 121
  42  99 140 151 122  67  33  30  27  19  15  15  24  29  68 123
 112 139 154 154 131 113 103 105  75  30  22  44  89 102 126 146
 154 155 155 155 155 155 153 135  80  25  27  82 137 152 152 154
 155 157 157 155 155 154 153 136  84  33  32  89 136 152 154 152
 153 147 114 108 106 129 152 140  99  76  86 123 148 153 151 131
 149 105  44  29  66 126 152 150 150 148 151 154 153 152 124  59

